-1.27631 -0.865826 1.59412 32 69 91
-1.26904 -0.884996 1.62941 34 71 97
-1.16672 -0.837072 1.54118 30 68 92
-1.13312 -0.837072 1.54118 28 69 91
-1.12469 -0.856242 1.57647 31 66 98
-1.05371 -0.827487 1.52353 27 62 93
-0.890465 -0.722055 1.32941 18 51 82
-0.827173 -0.6933 1.27647 18 47 77
-0.755139 -0.654961 1.20588 20 44 76
-0.728847 -0.654961 1.20588 18 42 76
-0.712837 -0.664546 1.22353 19 43 77
-0.626781 -0.607037 1.11765 16 36 71
-0.573878 -0.578283 1.06471 14 32 68
-0.568918 -0.597452 1.1 13 36 68
-0.518708 -0.568698 1.04706 13 33 66
-0.512594 -0.587867 1.08235 12 35 66
-0.457105 -0.549528 1.01176 9 31 62
-0.435045 -0.549528 1.01176 11 30 62
-0.427392 -0.568698 1.04706 17 32 65
-0.377289 -0.530359 0.976471 13 28 61
-0.368867 -0.549528 1.01176 15 28 62
-0.316563 -0.501604 0.923529 10 23 55
-0.290763 -0.492019 0.905882 12 24 56
-0.29213 -0.530359 0.976471 16 27 59
-0.265945 -0.520774 0.958824 15 26 58
-0.24504 -0.520774 0.958824 16 26 61
-0.11688 -0.271569 0.5 0 0 0
-1.43173 -0.932155 1.78824 50 80 100
-1.37899 -0.922956 1.77059 45 77 100
-1.31367 -0.904558 1.73529 44 77 102
-1.15906 -0.821768 1.57647 33 68 93
-1.06174 -0.775773 1.48824 27 64 90
-1.10253 -0.830967 1.59412 33 70 99
-1.02049 -0.794171 1.52353 29 65 97
-0.930093 -0.748177 1.43529 27 59 90
-0.810393 -0.674586 1.29412 20 51 82
-0.675517 -0.582597 1.11765 15 38 72
-0.640868 -0.573398 1.1 13 36 70
-0.745539 -0.692983 1.32941 26 50 84
-0.697531 -0.674586 1.29412 24 50 83
-0.669315 -0.674586 1.29412 20 51 80
-0.6411 -0.674586 1.29412 21 50 80
-0.629599 -0.692983 1.32941 23 53 81
-0.568723 -0.656188 1.25882 19 49 77
-0.526101 -0.63779 1.22353 18 46 73
-0.456205 -0.582597 1.11765 12 39 66
-0.472748 -0.63779 1.22353 20 45 73
-0.420337 -0.600994 1.15294 17 41 69
-0.383101 -0.582597 1.11765 18 37 67
-0.324748 -0.527403 1.01176 14 31 61
-0.28685 -0.499807 0.958824 9 28 58
-0.275734 -0.518204 0.994118 14 29 60
-0.272099 -0.555 1.06471 15 34 66
-0.121005 -0.269834 0.517647 0 0 0
-1.55889 -0.972367 1.94706 73 90 99
-1.50269 -0.963554 1.92941 60 87 108
-1.47398 -0.972367 1.94706 63 87 111
-1.34071 -0.910676 1.82353 55 79 103
-1.21282 -0.848985 1.7 40 76 101
-1.07812 -0.778481 1.55882 31 68 97
-1.06777 -0.796107 1.59412 33 69 103
-0.987271 -0.760855 1.52353 30 67 96
-0.744088 -0.593408 1.18824 18 43 76
-0.643519 -0.531717 1.06471 14 34 67
-0.558617 -0.478839 0.958824 12 26 61
-0.577298 -0.514091 1.02941 15 29 66
-0.564366 -0.522904 1.04706 12 33 68
-0.568918 -0.549343 1.1 7 41 69
-0.632357 -0.637473 1.27647 16 52 78
-0.637957 -0.672725 1.34706 18 54 80
-0.648451 -0.71679 1.43529 25 61 87
-0.639921 -0.743229 1.48824 28 64 89
-0.679505 -0.831359 1.66471 39 75 99
-0.561388 -0.725603 1.45294 26 62 86
-0.497541 -0.681538 1.36471 21 56 81
-0.437542 -0.637473 1.27647 19 51 76
-0.404047 -0.62866 1.25882 19 49 75
-0.366042 -0.611034 1.22353 20 46 73
-0.314892 -0.566969 1.13529 17 39 68
-0.299159 -0.584595 1.17059 18 42 70
-0.141631 -0.302579 0.605882 0 0 0
-0.852442 -0.508435 1.06471 38 28 20
-1.26904 -0.778102 1.62941 63 66 78
-1.60758 -1.01406 2.12353 75 95 120
-1.53533 -0.997206 2.08824 73 95 119
-1.38908 -0.929789 1.94706 61 88 111
-1.10253 -0.761248 1.59412 34 68 95
-0.914105 -0.651695 1.36471 22 57 87
-0.872915 -0.643268 1.34706 23 53 85
-0.920901 -0.702258 1.47059 31 62 93
-0.85684 -0.676977 1.41765 28 59 88
-0.66143 -0.542143 1.13529 15 39 70
-0.577298 -0.49158 1.02941 15 31 67
-0.592901 -0.525289 1.1 16 36 71
-0.614553 -0.567424 1.18824 17 43 73
-0.763491 -0.735966 1.54118 34 66 94
-0.838537 -0.845518 1.77059 45 79 106
-0.839797 -0.887654 1.85882 50 84 109
-0.829621 -0.921362 1.92941 54 90 114
-0.758741 -0.887654 1.85882 50 84 109
-0.704576 -0.8708 1.82353 50 81 104
-0.651951 -0.853946 1.78824 49 80 103
-0.552472 -0.769675 1.61176 35 73 95
-0.48901 -0.727539 1.52353 29 67 88
-0.445234 -0.710685 1.48824 30 61 89
-0.378523 -0.651695 1.36471 26 55 81
-0.330729 -0.617987 1.29412 23 50 77
-0.174633 -0.356747 0.747059 1 2 2
-0.965473 -0.549482 1.20588 48 40 25
-1.11785 -0.654017 1.43529 60 64 67
-1.5675 -0.9435 2.07059 72 92 117
-1.48343 -0.919377 2.01765 68 90 114
-1.31354 -0.838965 1.84118 56 81 104
-1.05371 -0.694223 1.52353 33 65 90
-0.914105 -0.621852 1.36471 24 55 86
-0.827173 -0.581646 1.27647 22 48 81
-0.76619 -0.557523 1.22353 17 46 78
-0.867506 -0.654017 1.43529 25 60 90
-0.908181 -0.710305 1.55882 33 68 98
-0.804919 -0.654017 1.43529 27 62 92
-0.688019 -0.581646 1.27647 19 50 81
-0.632807 -0.557523 1.22353 15 46 77
-0.754749 -0.694223 1.52353 33 63 89
-0.788392 -0.758553 1.66471 43 73 99
-0.855742 -0.863088 1.89412 54 86 111
-0.882737 -0.935459 2.05294 63 95 120
-0.917212 -1.02391 2.24706 77 105 126
-0.895494 -1.05608 2.31765 83 109 120
-0.844962 -1.05608 2.31765 88 114 126
-0.6795 -0.903294 1.98235 74 96 102
-0.573973 -0.814841 1.78824 64 86 87
-0.492749 -0.750511 1.64706 49 71 72
-0.456838 -0.750511 1.64706 57 75 73
-0.411907 -0.734429 1.61176 54 77 83
-0.253011 -0.493193 1.08235 30 41 48
-0.697024 -0.377661 0.870588 16 11 8
-0.80174 -0.446559 1.02941 26 26 23
-1.26023 -0.722149 1.66471 67 74 84
-1.56128 -0.921187 2.12353 74 96 119
-1.52757 -0.928842 2.14118 72 98 120
-1.34663 -0.844634 1.94706 59 88 113
-1.13869 -0.73746 1.7 44 75 106
-0.884351 -0.592009 1.36471 29 52 86
-0.710936 -0.492491 1.13529 14 40 73
-0.728847 -0.523112 1.20588 15 47 78
-0.81565 -0.60732 1.4 23 58 88
-0.785126 -0.60732 1.4 23 58 88
-0.716554 -0.576699 1.32941 20 54 85
-0.660188 -0.553733 1.27647 17 50 81
-0.684811 -0.599665 1.38235 26 56 82
-0.796749 -0.729805 1.68235 43 74 95
-0.823851 -0.791047 1.82353 53 79 104
-0.867561 -0.875255 2.01765 70 93 110
-0.60027 -0.637941 1.47059 66 67 62
-0.636392 -0.714494 1.64706 72 66 60
-0.748456 -0.890566 2.05294 110 102 96
-0.631109 -0.798702 1.84118 93 92 82
-0.302091 -0.408282 0.941176 5 11 3
-0.28685 -0.415938 0.958824 15 10 5
-0.520469 -0.814013 1.87647 87 91 95
-0.20896 -0.354695 0.817647 13 11 8
-0.207634 -0.385316 0.888235 29 29 37
-0.541607 -0.27866 0.676471 8 6 7
-0.815484 -0.431317 1.04706 42 38 37
-0.765937 -0.416779 1.01176 41 39 40
-0.653055 -0.365893 0.888235 13 12 17
-1.54016 -0.889289 2.15882 80 92 108
-1.49309 -0.889289 2.15882 76 97 124
-1.36328 -0.838403 2.03529 61 93 122
-1.07876 -0.685746 1.66471 39 70 101
-0.8988 -0.591244 1.43529 31 59 91
-0.771511 -0.525819 1.27647 22 48 81
-0.795087 -0.562166 1.36471 22 56 84
-0.814815 -0.598513 1.45294 25 60 88
-0.80216 -0.613052 1.48824 25 64 95
-0.815348 -0.649399 1.57647 31 68 95
-0.868399 -0.722093 1.75294 48 78 104
-0.830179 -0.722093 1.75294 47 78 99
-0.783987 -0.714824 1.73529 49 73 99
-0.875149 -0.838403 2.03529 76 92 102
-0.629083 -0.63486 1.54118 63 54 38
-0.677302 -0.722093 1.75294 89 77 65
-0.555445 -0.627591 1.52353 75 53 42
-0.467787 -0.562166 1.36471 64 43 34
-0.426704 -0.547628 1.32941 65 47 27
-0.318527 -0.438587 1.06471 48 31 13
-0.236577 -0.351354 0.852941 34 15 17
-0.20445 -0.329546 0.8 25 13 13
-0.158132 -0.27866 0.676471 21 10 3
-0.541607 -0.263867 0.676471 13 8 12
-0.829228 -0.415304 1.06471 37 33 34
-0.525468 -0.270751 0.694118 14 10 11
-0.536284 -0.284518 0.729412 6 4 5
-0.633689 -0.346469 0.888235 13 11 12
-1.01709 -0.573624 1.47059 41 50 62
-1.4342 -0.835197 2.14118 71 98 126
-0.9644 -0.580508 1.48824 25 62 92
-0.821444 -0.511673 1.31176 19 54 84
-0.824842 -0.532324 1.36471 21 56 86
-0.81565 -0.54609 1.4 24 58 86
-0.893988 -0.621809 1.59412 34 69 97
-0.992396 -0.718178 1.84118 50 84 111
-1.01614 -0.766362 1.96471 58 90 111
-1.02576 -0.807663 2.07059 63 98 120
-0.871967 -0.718178 1.84118 54 82 105
-0.831824 -0.718178 1.84118 57 79 90
-0.435045 -0.394654 1.01176 15 23 23
-0.369766 -0.353353 0.905882 7 8 4
-0.493203 -0.497906 1.27647 38 31 28
-0.561879 -0.601158 1.54118 69 65 61
-0.522227 -0.594275 1.52353 62 59 54
-0.302091 -0.36712 0.941176 5 5 1
-0.265732 -0.346469 0.888235 15 12 10
-0.432365 -0.608042 1.55882 77 85 94
-0.190921 -0.291401 0.747059 18 8 8
-0.158132 -0.263867 0.676471 24 8 8
-0.442705 -0.203591 0.552941 7 0 0
-1.15909 -0.547964 1.48824 75 68 62
-0.69914 -0.340041 0.923529 24 18 10
-1.10717 -0.554461 1.50588 63 61 49
-1.27577 -0.658423 1.78824 81 78 69
-1.09032 -0.580452 1.57647 68 65 55
-1.24507 -0.684413 1.85882 78 89 103
-1.21598 -0.690911 1.87647 55 82 110
-0.876698 -0.515476 1.4 23 57 84
-0.771511 -0.469993 1.27647 17 51 79
-0.743681 -0.469993 1.27647 17 50 83
-0.775229 -0.508978 1.38235 23 57 85
-1.13507 -0.775379 2.10588 66 97 125
-1.36297 -0.970307 2.63529 104 125 152
-1.34048 -0.996298 2.70588 112 129 153
-0.788392 -0.61294 1.66471 62 66 70
-0.433186 -0.353036 0.958824 28 31 34
-0.381929 -0.327046 0.888235 24 22 25
-0.449002 -0.405017 1.1 42 42 42
-0.431837 -0.411514 1.11765 40 41 40
-0.20159 -0.203591 0.552941 1 1 0
-0.473836 -0.508978 1.38235 58 58 56
-0.188807 -0.216586 0.588235 8 6 6
-0.234056 -0.28806 0.782353 9 8 6
-0.295313 -0.392021 1.06471 28 29 22
-0.335239 -0.482988 1.31176 53 50 40
-0.261261 -0.411514 1.11765 24 30 26
-1.16328 -0.503196 1.45294 56 49 35
-1.26904 -0.564313 1.62941 69 61 41
-1.14 -0.521531 1.50588 74 66 48
-0.873623 -0.411521 1.18824 44 40 25
-0.595919 -0.289287 0.835294 24 14 2
-0.87063 -0.435967 1.25882 57 40 30
-0.689519 -0.356515 1.02941 16 20 28
-1.34177 -0.717105 2.07059 63 95 116
-1.19717 -0.6621 1.91176 55 89 116
-1.09149 -0.62543 1.80588 49 83 111
-0.856775 -0.509308 1.47059 26 59 92
-0.864298 -0.533755 1.54118 31 65 93
-0.887766 -0.570425 1.64706 36 72 98
-1.22606 -0.821004 2.37059 85 110 135
-1.36671 -0.955461 2.75882 113 130 148
-0.821822 -0.600983 1.73529 78 71 61
-0.640478 -0.490973 1.41765 60 55 46
-0.313637 -0.252617 0.729412 11 10 7
-0.326547 -0.277063 0.8 11 10 6
-0.377289 -0.33818 0.976471 23 24 19
-0.240192 -0.22817 0.658824 6 2 2
-0.207681 -0.209835 0.605882 7 3 2
-0.449361 -0.484861 1.4 67 63 62
-0.175982 -0.203723 0.588235 11 7 6
-0.143578 -0.179276 0.517647 2 1 0
-0.26759 -0.362627 1.04706 25 28 21
-0.178758 -0.26484 0.764706 11 13 8
-0.8807 -0.356908 1.1 40 29 14
-0.650555 -0.271021 0.835294 28 13 8
-0.538827 -0.23094 0.711765 23 8 1
-0.769826 -0.33973 1.04706 46 30 17
-0.935845 -0.425617 1.31176 59 43 30
-1.16355 -0.545859 1.68235 80 65 52
-0.949566 -0.459972 1.41765 75 68 60
-1.34177 -0.671826 2.07059 71 89 109
-1.35188 -0.700455 2.15882 73 100 127
-1.25148 -0.671826 2.07059 65 93 120
-1.00071 -0.557311 1.71765 42 72 100
-1.28985 -0.746262 2.3 84 111 137
-1.04947 -0.631746 1.94706 62 89 116
-0.997888 -0.62602 1.92941 55 85 109
-1.31425 -0.860778 2.65294 108 131 146
-0.713174 -0.488601 1.50588 67 51 37
-0.552778 -0.396988 1.22353 34 26 1
-0.700625 -0.528682 1.62941 68 63 40
-0.470612 -0.374085 1.15294 34 30 26
-0.220464 -0.185134 0.570588 3 0 0
-0.458939 -0.40844 1.25882 48 44 43
-0.219779 -0.208037 0.641176 10 6 5
-0.171814 -0.173682 0.535294 3 3 1
-0.265732 -0.288198 0.888235 22 22 20
-0.358944 -0.419892 1.29412 50 52 49
-0.141311 -0.179408 0.552941 3 3 4
-0.121005 -0.167957 0.517647 0 2 1
-0.456834 -0.172657 0.570588 11 1 0
-0.526858 -0.204696 0.676471 19 6 1
-0.739218 -0.295474 0.976471 42 22 15
-1.02932 -0.423632 1.4 71 44 33
-1.13728 -0.48237 1.59412 77 59 49
-1.24899 -0.546449 1.80588 92 86 83
-1.09141 -0.49305 1.62941 70 62 52
-1.1588 -0.541109 1.78824 63 68 71
-1.36293 -0.658587 2.17647 76 97 126
-1.27282 -0.637227 2.10588 73 95 124
-1.43253 -0.744025 2.45882 93 113 138
-1.57685 -0.850823 2.81176 116 134 156
-1.50603 -0.845483 2.79412 113 134 156
-1.0709 -0.626547 2.07059 66 91 109
-1.06947 -0.653247 2.15882 95 102 104
-0.721532 -0.461011 1.52353 36 19 6
-0.696287 -0.466351 1.54118 68 47 28
-0.419869 -0.295474 0.976471 44 24 13
-0.701115 -0.51975 1.71765 83 71 54
-0.479566 -0.375572 1.24118 40 29 12
-0.471806 -0.391592 1.29412 61 54 45
-0.225828 -0.199356 0.658824 8 8 6
-0.438032 -0.412952 1.36471 45 46 41
-0.181261 -0.183336 0.605882 6 7 2
-0.158262 -0.172657 0.570588 4 4 4
-0.136801 -0.161977 0.535294 1 1 1
-0.211759 -0.274115 0.905882 29 29 25
-0.682896 -0.239443 0.852941 27 17 6
-0.760508 -0.274121 0.976471 45 23 10
-1.00641 -0.373201 1.32941 62 44 31
-0.886598 -0.338523 1.20588 50 33 22
-0.709228 -0.279075 0.994118 18 10 11
-0.931655 -0.378155 1.34706 55 43 41
-1.04413 -0.437603 1.55882 62 53 44
-1.09019 -0.472281 1.68235 58 61 68
-1.69446 -0.759612 2.70588 113 125 147
-1.5608 -0.724934 2.58235 106 119 141
-1.53534 -0.739796 2.63529 108 124 145
-1.58675 -0.79429 2.82941 118 134 157
-1.52506 -0.79429 2.82941 118 134 157
-1.2717 -0.690256 2.45882 93 119 144
-0.894625 -0.506959 1.80588 69 79 90
-1.15612 -0.685302 2.44118 130 117 105
-0.61656 -0.383109 1.36471 40 28 24
-0.761329 -0.497051 1.77059 89 73 50
-0.405782 -0.279075 0.994118 45 23 18
-0.370471 -0.269167 0.958824 23 12 4
-0.658384 -0.506959 1.80588 83 75 47
-0.383101 -0.313753 1.11765 32 30 13
-0.245449 -0.214673 0.764706 7 7 6
-0.154864 -0.145317 0.517647 1 1 0
-0.148472 -0.150271 0.535294 1 1 1
-0.145821 -0.160179 0.570588 1 1 1
-0.240635 -0.288983 1.02941 27 28 22
-0.739411 -0.239064 0.923529 36 19 5
-0.952925 -0.316721 1.22353 56 39 22
-0.886171 -0.303017 1.17059 47 32 21
-0.769826 -0.27104 1.04706 17 14 24
-1.21282 -0.44006 1.7 70 62 52
-1.11473 -0.417219 1.61176 78 65 58
-0.855004 -0.330425 1.27647 53 46 39
-1.59336 -0.636488 2.45882 117 113 128
-1.76076 -0.727849 2.81176 116 133 157
-1.81678 -0.778098 3.00588 130 146 169
-1.87462 -0.832916 3.21765 142 157 178
-1.86385 -0.860324 3.32353 148 162 181
-1.5631 -0.75069 2.9 123 138 157
-1.33559 -0.668464 2.58235 97 122 148
-1.27929 -0.668464 2.58235 105 121 138
-0.796749 -0.435492 1.68235 63 54 45
-0.919524 -0.526853 2.03529 99 85 79
-1.18626 -0.714145 2.75882 171 158 158
-0.729928 -0.4629 1.78824 93 74 48
-0.370471 -0.2482 0.958824 41 21 14
-0.240192 -0.170542 0.658824 17 3 0
-0.649256 -0.490309 1.89412 99 89 63
-0.409711 -0.330425 1.27647 52 44 22
-0.408278 -0.353266 1.36471 62 60 47
-0.192525 -0.179678 0.694118 12 11 7
-0.132291 -0.133997 0.517647 0 2 0
-0.121005 -0.133997 0.517647 0 0 0
-0.937215 -0.277419 1.17059 51 32 18
-0.884205 -0.269054 1.13529 41 34 19
-1.01976 -0.319241 1.34706 61 61 59
-1.62615 -0.524168 2.21176 110 117 117
-1.16246 -0.386156 1.62941 70 64 48
-1.15135 -0.39452 1.66471 65 52 46
-1.09141 -0.386156 1.62941 75 65 54
-1.44469 -0.52835 2.22941 93 95 111
-2.02598 -0.766735 3.23529 144 155 175
-1.98744 -0.779282 3.28824 151 158 177
-2.14194 -0.87129 3.67647 176 182 196
-2.20033 -0.929841 3.92353 188 194 208
-1.92455 -0.846197 3.57059 167 174 190
-1.55464 -0.712367 3.00588 129 146 165
-1.34048 -0.64127 2.70588 115 130 149
-0.888682 -0.444706 1.87647 54 43 37
-0.831824 -0.436342 1.84118 74 60 53
-0.837209 -0.461435 1.94706 95 87 73
-1.01806 -0.591083 2.49412 130 122 116
-0.711395 -0.436342 1.84118 100 82 58
-0.323831 -0.210504 0.888235 35 20 7
-0.225828 -0.156135 0.658824 21 3 0
-0.545652 -0.402885 1.7 84 67 43
-0.38188 -0.302512 1.27647 49 38 18
-0.34426 -0.294148 1.24118 52 48 40
-0.159351 -0.147771 0.623529 1 0 0
-0.11688 -0.118495 0.5 0 0 0
-0.908958 -0.244228 1.13529 49 31 19
-1.54392 -0.42645 1.98235 100 91 102
-0.886171 -0.251821 1.17059 24 25 34
-1.09419 -0.320154 1.48824 67 56 46
-1.01138 -0.304969 1.41765 68 65 59
-0.882835 -0.274598 1.27647 48 40 32
-0.937746 -0.301173 1.4 60 51 41
-2.16513 -0.718765 3.34118 152 161 180
-2.01493 -0.692191 3.21765 141 158 173
-1.78479 -0.635246 2.95294 124 138 164
-2.03912 -0.752931 3.5 162 172 185
-2.09147 -0.802283 3.72941 176 185 194
-2.00065 -0.798487 3.71176 174 184 196
-1.66416 -0.692191 3.21765 145 155 169
-1.4891 -0.646635 3.00588 134 141 164
-0.637957 -0.289784 1.34706 38 35 26
-0.919524 -0.437839 2.03529 88 70 64
-0.935853 -0.468209 2.17647 104 86 74
-0.982042 -0.517561 2.40588 141 132 135
-0.772761 -0.430246 2 99 93 83
-0.626216 -0.369506 1.71765 99 76 58
-0.268171 -0.168302 0.782353 30 12 1
-0.200135 -0.134136 0.623529 14 6 4
-0.487469 -0.350524 1.62941 76 70 47
-0.447049 -0.346728 1.61176 67 61 46
-0.195431 -0.164506 0.764706 17 11 12
-0.154007 -0.141728 0.658824 7 7 5
-0.810055 -0.195529 1.01176 54 39 36
-0.815484 -0.20235 1.04706 40 28 25
-1.04648 -0.267147 1.38235 61 52 39
-0.938496 -0.246685 1.27647 54 34 30
-0.898076 -0.243275 1.25882 38 32 37
-1.01709 -0.284199 1.47059 69 57 43
-0.70134 -0.20235 1.04706 21 19 15
-2.17657 -0.649111 3.35882 153 163 188
-1.76076 -0.543389 2.81176 117 133 148
-1.75279 -0.560441 2.9 123 137 166
-1.81294 -0.601366 3.11176 140 149 166
-2.09147 -0.72073 3.72941 177 183 195
-1.92455 -0.690036 3.57059 167 173 185
-1.75543 -0.655932 3.39412 157 165 178
-1.56778 -0.611597 3.16471 143 150 168
-1.44028 -0.587724 3.04118 139 143 154
-0.664396 -0.284199 1.47059 62 39 25
-0.806857 -0.362638 1.87647 94 85 80
-0.852383 -0.403563 2.08824 97 87 68
-0.922768 -0.46154 2.38824 95 99 127
-0.716288 -0.37969 1.96471 108 84 60
-0.498032 -0.280789 1.45294 75 54 31
-0.262442 -0.158015 0.817647 32 14 8
-0.181261 -0.11709 0.605882 12 4 2
-0.412786 -0.28761 1.48824 65 61 50
-0.154841 -0.11709 0.605882 12 4 4
-0.12513 -0.103449 0.535294 2 2 1
-1.6154 -0.3458 2.01765 67 73 93
-0.939181 -0.206674 1.20588 57 44 38
-1.00641 -0.227845 1.32941 56 44 28
-0.679004 -0.158282 0.923529 14 10 10
-0.986204 -0.236919 1.38235 62 59 52
-0.809604 -0.200625 1.17059 53 38 18
-2.34437 -0.599858 3.5 184 184 185
-2.42815 -0.642201 3.74706 177 184 201
-1.87127 -0.512147 2.98824 127 142 161
-1.26215 -0.357898 2.08824 72 91 118
-1.59703 -0.469804 2.74118 115 129 151
-2.03209 -0.621029 3.62353 170 178 197
-1.94357 -0.618005 3.60588 170 176 188
-1.83757 -0.608931 3.55294 167 173 189
-1.60275 -0.55449 3.23529 150 155 175
-1.42356 -0.515172 3.00588 135 141 166
-0.520887 -0.1976 1.15294 60 47 31
-0.837209 -0.333702 1.94706 107 84 75
-0.809164 -0.339751 1.98235 108 92 83
-0.73185 -0.324629 1.89412 79 65 48
-0.343132 -0.161306 0.941176 16 7 11
-0.606913 -0.303457 1.77059 88 63 37
-0.347405 -0.185502 1.08235 49 23 13
-0.234056 -0.134086 0.782353 27 12 5
-0.177841 -0.10989 0.641176 16 6 5
-0.20445 -0.13711 0.8 8 7 3
-0.170507 -0.125012 0.729412 7 7 8
-1.44585 -0.270016 1.80588 91 94 109
-0.980414 -0.18822 1.25882 55 39 30
-0.779296 -0.153918 1.02941 35 25 23
-1.71697 -0.349174 2.33529 112 112 117
-1.06174 -0.222521 1.48824 70 57 41
-0.772989 -0.167111 1.11765 43 38 26
-2.92356 -0.652612 4.36471 217 221 224
-2.42815 -0.560261 3.74706 179 181 194
-2.10334 -0.502212 3.35882 155 161 173
-1.57147 -0.388753 2.6 105 122 150
-1.18578 -0.304318 2.03529 67 87 116
-1.54716 -0.4125 2.75882 115 127 148
-1.8009 -0.499573 3.34118 153 162 177
-1.77369 -0.512766 3.42941 160 166 182
-1.4891 -0.44944 3.00588 135 140 160
-1.38178 -0.436247 2.91765 127 139 158
-1.12682 -0.372921 2.49412 123 129 136
-0.541277 -0.18822 1.25882 46 28 16
-0.463408 -0.169749 1.13529 24 16 12
-0.77958 -0.301679 2.01765 103 78 66
-0.851396 -0.349174 2.33529 125 124 130
-0.733941 -0.320149 2.14118 120 111 113
-0.568309 -0.264739 1.77059 95 69 44
-0.239335 -0.119616 0.8 33 10 2
-0.197419 -0.106423 0.711765 25 7 4
-0.457007 -0.267377 1.78824 91 85 82
-0.281887 -0.180304 1.20588 43 43 45
-1.13502 -0.180966 1.41765 77 62 56
-0.925437 -0.151681 1.18824 52 35 26
-0.819374 -0.138165 1.08235 24 20 14
-0.97742 -0.169703 1.32941 60 44 36
-0.772177 -0.138165 1.08235 41 28 12
-0.858424 -0.158439 1.24118 14 15 8
-3.01812 -0.575187 4.50588 225 227 229
-2.65686 -0.523375 4.1 203 203 211
-2.2028 -0.449037 3.51765 167 168 185
-1.90211 -0.40173 3.14706 140 152 169
-1.5559 -0.340907 2.67059 109 126 146
-1.55706 -0.354424 2.77647 115 132 152
-1.65822 -0.392719 3.07647 136 148 162
-1.79194 -0.442279 3.46471 161 168 184
-1.64646 -0.424257 3.32353 153 160 176
-1.46535 -0.394972 3.09412 138 149 165
-1.33411 -0.37695 2.95294 128 142 161
-0.510925 -0.151681 1.18824 49 37 27
-0.837977 -0.262063 2.05294 110 92 86
-0.834127 -0.275579 2.15882 118 105 97
-0.716288 -0.2508 1.96471 105 79 47
-0.516178 -0.19223 1.50588 62 52 43
-0.534324 -0.212504 1.66471 96 77 62
-0.487469 -0.207999 1.62941 85 64 33
-0.393207 -0.180966 1.41765 65 55 52
-0.145821 -0.072837 0.570588 5 6 3
-0.12513 -0.0683317 0.535294 1 1 0
-0.923086 -0.121964 1.15294 57 39 27
-1.36525 -0.185435 1.75294 69 72 77
-1.47398 -0.205969 1.94706 75 85 91
-1.05527 -0.151832 1.43529 67 45 39
-0.860306 -0.127564 1.20588 59 40 30
-2.82344 -0.431851 4.08235 224 228 221
-2.98266 -0.471054 4.45294 227 226 232
-2.91988 -0.476654 4.50588 226 228 227
-2.70008 -0.456119 4.31176 214 219 212
-2.26476 -0.396382 3.74706 180 185 193
-1.73069 -0.314243 2.97059 131 139 160
-1.46799 -0.276907 2.61765 104 121 141
-1.78187 -0.349712 3.30588 149 161 176
-1.97448 -0.403849 3.81765 184 187 200
-1.90873 -0.407583 3.85294 187 191 203
-1.71608 -0.383315 3.62353 173 176 191
-1.42181 -0.332911 3.14706 143 150 168
-0.556453 -0.136898 1.29412 28 28 29
-0.62188 -0.161166 1.52353 60 43 25
-0.452293 -0.123831 1.17059 22 16 18
-0.684119 -0.198502 1.87647 93 73 57
-0.733941 -0.226504 2.14118 126 115 94
-0.619287 -0.204103 1.92941 87 87 90
-0.57722 -0.204103 1.92941 110 93 77
-0.216998 -0.0827611 0.782353 12 11 6
-0.159351 -0.06596 0.623529 8 8 6
-0.12513 -0.056626 0.535294 1 1 0
-0.894829 -0.0937898 1.11765 39 20 6
-0.691787 -0.0745382 0.888235 20 18 15
-0.739218 -0.0819427 0.976471 20 18 14
-0.66603 -0.0760191 0.905882 30 15 5
-0.746997 -0.0878662 1.04706 40 28 17
-3.23842 -0.39293 4.68235 237 237 237
-2.93538 -0.367755 4.38235 220 220 220
-2.71404 -0.351465 4.18824 207 209 208
-2.72218 -0.364793 4.34706 217 219 218
-2.48875 -0.345541 4.11765 202 206 212
-1.97744 -0.284825 3.39412 158 164 180
-1.7253 -0.258169 3.07647 136 147 165
-2.01967 -0.314443 3.74706 178 187 201
-2.01099 -0.32629 3.88824 187 194 204
-1.74263 -0.295191 3.51765 168 170 185
-1.77458 -0.314443 3.74706 181 184 199
-1.5414 -0.286306 3.41176 161 164 179
-1.20902 -0.235955 2.81176 124 129 147
-0.477815 -0.0982325 1.17059 52 39 21
-0.64321 -0.139697 1.66471 75 67 61
-0.536144 -0.123408 1.47059 50 34 27
-0.637158 -0.155987 1.85882 95 74 52
-0.794877 -0.207818 2.47647 104 115 117
-0.197099 -0.0552866 0.658824 5 4 2
-0.300208 -0.090828 1.08235 42 46 33
-0.24053 -0.0789809 0.941176 30 29 23
-0.215884 -0.0775 0.923529 28 27 25
-1.44585 -0.112054 1.80588 76 68 72
-1.20032 -0.0956293 1.54118 86 80 68
-0.926249 -0.0759194 1.22353 52 39 29
-0.743877 -0.0627795 1.01176 41 28 19
-0.734408 -0.0638745 1.02941 31 28 23
-3.22621 -0.289443 4.66471 235 237 235
-3.08905 -0.286158 4.61176 232 234 232
-2.91988 -0.279588 4.50588 225 227 226
-2.93215 -0.290538 4.68235 236 238 237
-2.67007 -0.274113 4.41765 222 223 227
-2.22419 -0.236883 3.81765 185 187 199
-2.03209 -0.224838 3.62353 171 178 188
-1.97211 -0.227028 3.65882 176 178 191
-1.82845 -0.219363 3.53529 167 170 185
-1.64646 -0.206223 3.32353 152 161 178
-1.61579 -0.211698 3.41176 160 163 178
-1.62113 -0.222648 3.58824 171 174 189
-1.35319 -0.195274 3.14706 144 149 171
-0.506628 -0.0770144 1.24118 52 48 36
-0.793217 -0.127384 2.05294 110 88 61
-0.787059 -0.133954 2.15882 126 117 103
-0.594815 -0.107674 1.73529 93 68 45
-0.449361 -0.0868693 1.4 51 45 38
-0.318527 -0.0660645 1.06471 39 44 33
-0.486206 -0.108769 1.75294 91 84 67
-0.384848 -0.0934393 1.50588 74 61 51
-0.240635 -0.0638745 1.02941 40 36 27
-1.29044 -0.0647637 1.61176 69 71 87
-0.760508 -0.0392364 0.976471 27 18 17
-0.806015 -0.0427819 1.06471 45 32 23
-0.834699 -0.0456182 1.13529 44 35 28
-3.00058 -0.169 4.20588 238 239 234
-3.33606 -0.193818 4.82353 245 247 244
-3.21907 -0.193109 4.80588 241 245 244
-3.12572 -0.193818 4.82353 244 246 243
-2.8769 -0.1846 4.59412 231 233 230
-2.68074 -0.178218 4.43529 220 224 225
-2.42981 -0.167582 4.17059 205 208 212
-2.17064 -0.155527 3.87059 187 192 199
-2.08625 -0.155527 3.87059 187 191 202
-1.91059 -0.148436 3.69412 180 181 193
-1.69017 -0.137091 3.41176 158 163 177
-1.49042 -0.126455 3.14706 144 149 168
-1.51748 -0.134964 3.35882 156 161 181
-1.45184 -0.135673 3.37647 156 164 183
-0.513831 -0.0505819 1.25882 24 23 22
-0.377289 -0.0392364 0.976471 29 9 0
-0.716288 -0.0789455 1.96471 48 40 36
-1.04849 -0.122909 3.05882 180 174 169
-0.256777 -0.0321455 0.8 18 15 10
-0.450513 -0.0605091 1.50588 71 66 52
-0.432365 -0.0626364 1.55882 58 48 38
-0.425437 -0.066891 1.66471 77 72 53
-0.191133 -0.0328546 0.817647 20 15 5
-0.767669 -0.0175601 0.958824 22 17 23
-0.856717 -0.0201456 1.1 46 41 36
-0.605624 -0.0146513 0.8 24 10 1
-0.743877 -0.0185296 1.01176 37 28 19
-3.55453 -0.0912477 4.98235 254 254 252
-3.4459 -0.0912477 4.98235 254 254 252
-3.28999 -0.0899549 4.91176 250 250 248
-3.16003 -0.0893085 4.87647 248 250 246
-3.08686 -0.0902781 4.92941 251 253 252
-2.94739 -0.0893085 4.87647 246 250 251
-2.54291 -0.079936 4.36471 215 219 220
-2.25971 -0.0737954 4.02941 196 200 203
-2.11479 -0.0718562 3.92353 190 194 197
-2.02924 -0.0718562 3.92353 191 193 202
-1.81256 -0.0670083 3.65882 175 177 189
-1.71608 -0.066362 3.62353 173 175 190
-1.53343 -0.0621605 3.39412 159 163 182
-1.48978 -0.0634532 3.46471 162 167 187
-1.29178 -0.057959 3.16471 159 159 171
-0.438656 -0.020792 1.13529 50 31 24
-0.658384 -0.0330732 1.80588 91 80 59
-0.237926 -0.0127122 0.694118 13 7 9
-0.443696 -0.0253167 1.38235 61 54 39
-0.503308 -0.0308109 1.68235 80 68 52
-0.41768 -0.027579 1.50588 63 50 34
-0.393868 -0.0282254 1.54118 76 62 46
-0.327264 -0.0256398 1.4 71 62 47
-0.583993 0.00259196 0.729412 21 17 17
-0.774252 0.00353259 0.994118 32 27 22
-0.752577 0.00353259 0.994118 39 29 23
-0.549258 0.00265467 0.747059 10 5 2
-3.55453 0.0177048 4.98235 254 254 252
-3.4459 0.0177048 4.98235 254 254 252
-3.33727 0.0177048 4.98235 254 254 252
-3.22864 0.0177048 4.98235 254 255 252
-3.06476 0.0173912 4.89412 248 250 249
-2.94739 0.0173285 4.87647 246 250 251
-2.83078 0.0172658 4.85882 245 249 250
-2.64568 0.0167641 4.71765 236 240 240
-2.43819 0.0160743 4.52353 225 229 228
-2.24829 0.0154473 4.34706 215 218 223
-2.05735 0.0147575 4.15294 204 207 214
-1.89994 0.0142558 4.01176 196 198 210
-1.7168 0.0135033 3.8 183 187 202
-1.56566 0.0129389 3.64118 173 178 194
-1.40703 0.0122491 3.44706 166 165 183
-0.472748 0.00434781 1.22353 51 36 33
-0.439638 0.0042851 1.20588 53 46 36
-0.395199 0.00409697 1.15294 40 36 25
-0.579637 0.0064172 1.80588 83 78 61
-0.350204 0.00415968 1.17059 39 32 14
-0.476417 0.00610365 1.71765 78 66 50
-0.335239 0.00466135 1.31176 53 50 31
-0.265386 0.00403426 1.13529 42 35 17
-0.583993 0.0185425 0.729412 15 13 14
-0.650555 0.0212342 0.835294 20 18 19
-0.765937 0.0257202 1.01176 32 29 24
-2.15811 0.0746186 2.93529 139 139 137
-3.55453 0.126657 4.98235 255 255 253
-3.4459 0.126657 4.98235 254 254 252
-3.33727 0.126657 4.98235 254 254 252
-3.22864 0.126657 4.98235 254 254 252
-3.12001 0.126657 4.98235 254 254 252
-3.02205 0.127106 5 255 255 253
-2.89247 0.126209 4.96471 253 253 251
-2.75454 0.124863 4.91176 249 251 250
-2.49526 0.117685 4.62941 233 234 236
-2.33043 0.114545 4.50588 226 227 231
-2.12729 0.109162 4.29412 212 217 224
-1.87487 0.100638 3.95882 190 197 209
-1.68491 0.094806 3.72941 176 183 198
-1.57324 0.0930116 3.65882 175 179 196
-1.39983 0.0871797 3.42941 164 164 182
-0.445474 0.0293091 1.15294 45 35 38
-0.349566 0.0243744 0.958824 25 27 13
-0.50408 0.0373841 1.47059 64 62 50
-0.613623 0.0485993 1.91176 82 73 62
-0.307968 0.0261689 1.02941 19 15 3
-0.373628 0.0342438 1.34706 48 44 29
-0.172881 0.0171967 0.676471 7 8 4
-0.281887 0.0306549 1.20588 43 41 18
-0.442705 0.0261479 0.552941 3 1 2
-0.526858 0.0319895 0.676471 10 8 9
-0.672421 0.0420036 0.888235 27 23 22
-0.743877 0.0478452 1.01176 13 13 15
-3.39086 0.224761 4.75294 248 248 246
-3.42149 0.233941 4.94706 252 252 250
-3.32545 0.234775 4.96471 253 253 251
-3.21721 0.234775 4.96471 253 253 251
-3.12001 0.23561 4.98235 254 254 252
-3.00072 0.234775 4.96471 254 254 252
-2.77938 0.225596 4.77059 243 243 241
-2.5764 0.217251 4.59412 231 232 236
-2.41916 0.212243 4.48824 225 226 231
-2.16615 0.198057 4.18824 204 211 221
-1.89124 0.180532 3.81765 181 189 202
-1.66593 0.166345 3.51765 162 171 186
-1.56532 0.163842 3.46471 160 168 186
-1.48219 0.163007 3.44706 159 167 186
-1.32059 0.152993 3.23529 146 159 176
-0.309104 0.0378311 0.8 9 13 11
-0.285228 0.0369966 0.782353 12 20 9
-0.619011 0.0853981 1.80588 76 78 65
-0.31342 0.0461762 0.976471 35 43 28
-0.366042 0.0578593 1.22353 34 35 23
-0.363839 0.0620318 1.31176 39 48 43
-0.26308 0.0486797 1.02941 28 34 32
-0.380891 0.077053 1.62941 68 64 53
-0.414447 0.0357987 0.517647 1 0 0
-0.444393 0.0394599 0.570588 5 3 4
-0.525468 0.0480028 0.694118 10 8 9
-3.41665 0.321374 4.64706 241 239 240
-3.47899 0.33724 4.87647 246 250 251
-3.32385 0.332358 4.80588 242 246 247
-3.10087 0.320154 4.62941 232 236 239
-2.83983 0.303068 4.38235 216 221 225
-2.93215 0.323815 4.68235 233 238 242
-2.76606 0.316493 4.57647 232 231 236
-2.66628 0.316493 4.57647 227 232 235
-2.43785 0.300627 4.34706 212 220 231
-2.17186 0.27866 4.02941 192 199 212
-1.98361 0.265236 3.83529 183 186 201
-1.75137 0.244489 3.53529 166 175 190
-1.45699 0.212758 3.07647 135 148 162
-1.53343 0.234725 3.39412 157 166 186
-1.32284 0.212758 3.07647 142 154 170
-1.21255 0.205436 2.97059 130 143 159
-0.602299 0.107803 1.55882 48 55 56
-0.330264 0.0626477 0.905882 24 26 12
-0.334709 0.0675293 0.976471 29 30 14
-0.358733 0.0772926 1.11765 22 25 18
-0.276291 0.0638681 0.923529 27 26 21
-0.202314 0.0504436 0.729412 3 3 2
-0.145821 0.0394599 0.570588 0 3 0
-0.261261 0.0772926 1.11765 41 39 34
-0.527478 0.0599689 0.658824 9 7 8
-0.49937 0.0583626 0.641176 7 5 6
-0.525468 0.0631815 0.694118 12 10 11
-1.93754 0.239876 2.63529 109 114 120
-2.24519 0.286458 3.14706 134 141 147
-2.11555 0.278427 3.05882 107 113 125
-2.60441 0.353923 3.88824 189 194 211
-2.46246 0.345892 3.8 180 187 204
-2.2691 0.329829 3.62353 165 172 190
-2.04077 0.307341 3.37647 152 163 184
-1.76153 0.275214 3.02353 127 144 164
-1.69561 0.275214 3.02353 128 146 167
-1.62017 0.273608 3.00588 127 144 163
-1.45424 0.255939 2.81176 115 133 157
-1.4279 0.262364 2.88235 122 141 155
-1.03912 0.199718 2.19412 96 108 119
-0.903579 0.182048 2 99 105 109
-1.0345 0.218994 2.40588 103 110 121
-1.05407 0.235057 2.58235 121 131 140
-0.895494 0.210962 2.31765 118 127 129
-0.30453 0.076032 0.835294 15 20 14
-0.352856 0.0937014 1.02941 27 27 16
-0.347405 0.0985203 1.08235 48 47 44
-0.239335 0.0728194 0.8 17 17 10
-0.207209 0.0680004 0.747059 8 9 4
-0.136801 0.0487247 0.535294 2 2 2
-0.182883 0.071213 0.782353 16 15 10
-0.555736 0.0783602 0.694118 16 16 16
-0.403161 0.0584381 0.517647 1 1 1
-0.538827 0.0803524 0.711765 2 1 3
-1.88564 0.289534 2.56471 111 115 122
-0.986204 0.156056 1.38235 47 50 60
-1.7616 0.287542 2.54706 121 127 145
-1.67061 0.281566 2.49412 114 126 146
-1.71915 0.299495 2.65294 109 126 148
-1.60605 0.289534 2.56471 99 120 147
-1.53947 0.287542 2.54706 85 109 135
-1.45309 0.281566 2.49412 86 113 136
-1.48778 0.299495 2.65294 104 129 158
-1.3158 0.275589 2.44118 94 116 147
-1.08916 0.237737 2.10588 83 103 121
-0.824687 0.187932 1.66471 65 69 76
-0.353801 0.0843369 0.747059 18 13 17
-0.449132 0.112228 0.994118 16 11 17
-0.791681 0.207854 1.84118 81 82 86
-0.780351 0.215823 1.91176 86 91 94
-0.840946 0.245706 2.17647 113 117 120
-0.25306 0.0783602 0.694118 6 7 6
-0.558521 0.183947 1.62941 81 78 69
-0.455025 0.160041 1.41765 68 66 66
-0.281571 0.106251 0.941176 39 38 34
-0.324681 0.13215 1.17059 42 43 38
-0.127782 0.0564459 0.5 0 0 0
-0.11688 0.0564459 0.5 1 0 0
-0.442705 0.0745141 0.552941 4 4 4
-0.444393 0.0768922 0.570588 2 2 2
-1.00641 0.179151 1.32941 50 48 51
-1.53533 0.28141 2.08824 95 98 106
-0.847716 0.160126 1.18824 11 8 17
-1.21237 0.236226 1.75294 68 72 75
-1.30418 0.262385 1.94706 82 86 87
-0.998707 0.207688 1.54118 33 41 42
-1.38504 0.298056 2.21176 90 103 118
-1.36881 0.305191 2.26471 75 105 131
-1.29887 0.300435 2.22941 73 107 132
-1.1513 0.276653 2.05294 59 95 125
-1.078 0.269519 2 58 95 114
-0.751458 0.195798 1.45294 69 74 87
-0.815945 0.221957 1.64706 46 62 62
-0.621242 0.176773 1.31176 89 93 92
-0.449132 0.133967 0.994118 17 19 18
-0.564041 0.176773 1.31176 31 31 33
-0.801961 0.264763 1.96471 66 66 68
-0.568207 0.198176 1.47059 49 51 48
-0.272361 0.100673 0.747059 12 14 12
-0.44964 0.176773 1.31176 62 52 46
-0.183143 0.0768922 0.570588 3 5 0
-0.218217 0.0982952 0.729412 9 8 4
-0.216998 0.10543 0.782353 14 14 12
-0.154841 0.0816484 0.605882 2 2 1
-0.207634 0.119698 0.888235 26 26 24
-0.414447 0.0810776 0.517647 1 1 1
-0.458137 0.0921337 0.588235 6 5 5
-1.5675 0.32431 2.07059 95 93 98
-1.09419 0.233098 1.48824 32 32 42
-0.55815 0.122538 0.782353 12 12 16
-0.809604 0.183346 1.17059 50 52 50
-1.36328 0.318782 2.03529 103 103 106
-1.53618 0.371299 2.37059 115 120 123
-0.976155 0.244154 1.55882 56 64 66
-0.888838 0.230334 1.47059 51 62 64
-1.14465 0.307726 1.96471 61 80 85
-1.21068 0.338131 2.15882 72 97 114
-1.20166 0.349187 2.22941 86 102 120
-0.71495 0.216514 1.38235 43 42 58
-0.728522 0.230334 1.47059 37 50 56
-0.562739 0.18611 1.18824 38 42 44
-0.377377 0.13083 0.835294 5 7 6
-0.419869 0.152942 0.976471 26 26 28
-0.304937 0.11701 0.747059 13 13 15
-0.247738 0.100426 0.641176 9 10 12
-0.208024 0.0893696 0.570588 3 4 8
-0.383101 0.175054 1.11765 32 27 23
-0.234121 0.114246 0.729412 9 11 8
-0.212938 0.111482 0.711765 17 16 12
-0.148472 0.0838416 0.535294 2 2 0
-0.136801 0.0838416 0.535294 2 2 0
-0.129256 0.0866056 0.552941 3 3 1
-0.414447 0.0923974 0.517647 0 0 0
-0.430649 0.0986972 0.552941 3 2 0
-0.405234 0.0955473 0.535294 1 1 1
-0.419512 0.101847 0.570588 3 5 4
-0.482611 0.120747 0.676471 9 10 9
-0.419041 0.108147 0.605882 7 7 7
-0.394011 0.104997 0.588235 4 4 2
-0.449799 0.123896 0.694118 9 9 8
-0.401513 0.114447 0.641176 8 9 7
-0.440864 0.130196 0.729412 10 12 7
-0.476367 0.145946 0.817647 12 12 14
-0.735643 0.234143 1.31176 12 19 30
-0.764113 0.253043 1.41765 75 74 84
-0.523283 0.180595 1.01176 33 32 30
-0.457512 0.164845 0.923529 19 25 22
-0.403946 0.152246 0.852941 13 15 12
-0.273731 0.108147 0.605882 5 7 6
-0.245345 0.101847 0.570588 3 3 4
-0.232905 0.101847 0.570588 5 5 6
-0.213646 0.0986972 0.552941 3 3 3
-0.220891 0.108147 0.605882 6 6 6
-0.201632 0.104997 0.588235 2 2 2
-0.171814 0.0955473 0.535294 1 1 1
-0.154864 0.0923974 0.517647 1 1 1
-0.148472 0.0955473 0.535294 2 2 2
-0.132291 0.0923974 0.517647 2 2 2
-0.121005 0.0923974 0.517647 1 1 1
-0.428576 0.107253 0.535294 2 2 2
-0.403161 0.103717 0.517647 1 1 1
-0.405234 0.107253 0.535294 2 2 2
-0.393563 0.107253 0.535294 2 2 2
-0.381892 0.107253 0.535294 1 1 1
-0.516682 0.149683 0.747059 18 18 18
-0.417652 0.124932 0.623529 4 4 4
-0.426928 0.132004 0.658824 9 10 6
-0.467818 0.149683 0.747059 9 10 4
-0.888838 0.294651 1.47059 74 75 70
-0.548336 0.188577 0.941176 27 24 15
-0.834608 0.298187 1.48824 50 50 51
-0.821184 0.305258 1.52353 52 54 49
-0.815348 0.315866 1.57647 54 57 49
-0.885883 0.358295 1.78824 75 68 50
-0.855252 0.361831 1.80588 99 91 80
-0.600614 0.266364 1.32941 38 29 22
-0.336401 0.156754 0.782353 4 2 0
-0.247311 0.121396 0.605882 5 4 2
-0.213646 0.110789 0.552941 5 3 3
-0.227325 0.124932 0.623529 7 6 4
-0.225828 0.132004 0.658824 10 11 6
-0.16615 0.103717 0.517647 0 0 0
-0.165423 0.110789 0.552941 4 5 1
-0.168051 0.121396 0.605882 2 2 1
-0.21347 0.167362 0.835294 10 10 8
-0.335514 0.287579 1.43529 65 64 52
-0.428576 0.118959 0.535294 2 2 2
-0.403161 0.115037 0.517647 1 1 1
-0.405234 0.118959 0.535294 2 2 1
-0.419512 0.126802 0.570588 5 6 4
-0.470021 0.146411 0.658824 5 1 0
-1.11473 0.358183 1.61176 98 95 90
-0.807722 0.267984 1.20588 36 29 18
-0.57559 0.197393 0.888235 26 24 12
-0.534123 0.189549 0.852941 17 19 13
-0.846174 0.311122 1.4 53 55 52
-0.867056 0.330731 1.48824 56 59 55
-0.795022 0.315044 1.41765 45 54 51
-0.735578 0.303279 1.36471 42 51 48
-0.669315 0.287592 1.29412 44 50 43
-0.571162 0.256218 1.15294 37 41 33
-0.504237 0.23661 1.06471 32 31 23
-0.648451 0.318966 1.43529 60 52 39
-0.579217 0.299357 1.34706 53 48 23
-0.542644 0.295435 1.32941 59 49 26
-0.46593 0.267984 1.20588 51 38 19
-0.433204 0.264062 1.18824 50 39 21
-0.371003 0.240532 1.08235 43 32 15
-0.336076 0.232688 1.04706 39 31 11
-0.276291 0.205236 0.923529 32 24 5
-0.241472 0.193471 0.870588 27 20 11
-0.20896 0.181706 0.817647 24 17 8
-0.182883 0.173862 0.782353 22 13 4
-1.50237 0.458043 1.87647 96 92 84
-1.17283 0.367583 1.50588 62 57 51
-0.592265 0.190971 0.782353 12 7 1
-0.471411 0.15651 0.641176 11 7 1
-0.457431 0.15651 0.641176 9 9 1
-0.431246 0.152202 0.623529 8 8 2
-0.559496 0.203894 0.835294 22 24 25
-0.655639 0.24697 1.01176 25 34 33
-0.733037 0.285738 1.17059 33 42 41
-0.739513 0.298661 1.22353 36 46 45
-0.640868 0.268508 1.1 25 35 34
-0.557505 0.242662 0.994118 22 31 28
-0.488272 0.221124 0.905882 15 23 20
-0.404631 0.190971 0.782353 10 18 15
-0.370089 0.182356 0.747059 6 20 22
-0.345444 0.178048 0.729412 6 17 16
-0.353459 0.190971 0.782353 9 20 16
-0.283285 0.160817 0.658824 5 7 6
-0.384173 0.229739 0.941176 28 27 25
-0.370471 0.234047 0.958824 28 21 13
-0.407469 0.272815 1.11765 42 36 22
-0.340758 0.242662 0.994118 33 28 15
-0.290763 0.221124 0.905882 30 21 12
-0.234056 0.190971 0.782353 22 15 2
-0.216998 0.190971 0.782353 19 17 5
-0.20896 0.199586 0.817647 21 19 7
-0.178758 0.186663 0.764706 15 17 3
-0.456834 0.151757 0.570588 4 5 10
-0.430649 0.147063 0.552941 2 4 3
-0.431953 0.151757 0.570588 5 6 4
-0.419512 0.151757 0.570588 4 4 2
-0.419661 0.15645 0.588235 5 5 4
-0.431246 0.165837 0.623529 6 7 9
-0.512214 0.203385 0.764706 12 18 18
-0.506977 0.208079 0.782353 12 18 18
-0.512021 0.217466 0.817647 13 19 19
-0.515526 0.226853 0.852941 17 23 23
-0.496929 0.226853 0.852941 15 23 23
-0.39916 0.189305 0.711765 5 14 13
-0.37413 0.184611 0.694118 3 12 11
-0.331615 0.170531 0.641176 0 8 7
-0.308893 0.165837 0.623529 3 9 9
-0.303656 0.170531 0.641176 4 10 8
-0.273731 0.161144 0.605882 4 8 7
-0.245345 0.151757 0.570588 4 6 5
-0.218498 0.14237 0.535294 1 3 2
-0.200009 0.137676 0.517647 0 2 1
-0.195156 0.14237 0.535294 0 2 1
-0.21373 0.165837 0.623529 3 4 5
-0.222792 0.184611 0.694118 10 9 8
-0.19182 0.170531 0.641176 8 7 3
-0.182735 0.175224 0.658824 12 8 5
-0.168371 0.175224 0.658824 8 5 4
-0.191133 0.217466 0.817647 20 21 15
-0.428576 0.154075 0.535294 2 2 2
-0.430649 0.159155 0.552941 3 3 1
-0.445312 0.169314 0.588235 4 4 2
-0.432487 0.169314 0.588235 5 4 2
-0.394482 0.159155 0.552941 3 3 3
-0.406836 0.169314 0.588235 4 5 7
-0.453113 0.194711 0.676471 6 12 12
-0.449799 0.19979 0.694118 7 13 13
-0.456767 0.209949 0.729412 9 15 15
-0.430198 0.20487 0.711765 7 13 13
-0.42496 0.209949 0.729412 6 15 14
-0.369471 0.189631 0.658824 3 10 10
-0.345595 0.184552 0.641176 6 10 10
-0.304234 0.169314 0.588235 3 4 6
-0.273924 0.159155 0.552941 2 3 4
-0.253511 0.154075 0.535294 1 3 2
-0.233867 0.148996 0.517647 0 1 1
-0.222581 0.148996 0.517647 1 1 1
-0.211295 0.148996 0.517647 1 1 1
-0.200009 0.148996 0.517647 1 1 1
-0.188723 0.148996 0.517647 1 1 1
-0.177436 0.148996 0.517647 1 1 1
-0.171814 0.154075 0.535294 2 2 2
-0.160143 0.154075 0.535294 2 2 2
-0.153367 0.159155 0.552941 3 3 3
-0.141311 0.159155 0.552941 3 3 3
-0.121005 0.148996 0.517647 2 2 2
