-3.80538 -2.5815 4.75294 237 242 245
-3.71549 -2.59109 4.77059 238 243 246
-3.61148 -2.59109 4.77059 238 243 246
-3.49449 -2.5815 4.75294 237 242 245
-3.41604 -2.60067 4.78824 239 244 248
-3.31165 -2.60067 4.78824 239 244 248
-3.20725 -2.60067 4.78824 239 244 247
-3.10285 -2.60067 4.78824 239 244 247
-3.0095 -2.61026 4.80588 240 245 248
-2.90472 -2.61026 4.80588 240 245 248
-2.79994 -2.61026 4.80588 240 245 248
-2.69516 -2.61026 4.80588 240 245 248
-2.59038 -2.61026 4.80588 240 245 248
-2.48559 -2.61026 4.80588 239 244 247
-2.38081 -2.61026 4.80588 240 245 248
-2.27603 -2.61026 4.80588 240 245 248
-2.17922 -2.61984 4.82353 241 246 249
-2.07405 -2.61984 4.82353 241 246 249
-1.97609 -2.62943 4.84118 242 247 250
-1.87736 -2.63901 4.85882 243 248 251
-1.77142 -2.63901 4.85882 243 248 251
-1.66548 -2.63901 4.85882 243 248 251
-1.56521 -2.6486 4.87647 244 249 252
-1.45889 -2.6486 4.87647 244 249 253
-1.34767 -2.63901 4.85882 243 248 252
-1.24174 -2.63901 4.85882 242 247 250
-1.13167 -2.62943 4.84118 242 247 250
-1.02612 -2.62943 4.84118 242 247 253
-0.917215 -2.61984 4.82353 241 246 251
-0.806106 -2.60067 4.78824 239 244 248
-0.701708 -2.60067 4.78824 237 244 250
-0.597311 -2.60067 4.78824 236 243 249
-0.48928 -2.5815 4.75294 235 242 250
-0.157984 -1.05752 1.94706 15 15 16
-3.76299 -2.44997 4.7 237 242 245
-3.70175 -2.47757 4.75294 237 242 245
-3.61148 -2.48677 4.77059 238 243 246
-3.52044 -2.49597 4.78824 239 244 247
-3.41604 -2.49597 4.78824 239 244 247
-3.32385 -2.50517 4.80588 240 245 248
-3.21907 -2.50517 4.80588 240 245 248
-3.11429 -2.50517 4.80588 240 245 248
-3.03161 -2.52356 4.84118 242 247 250
-2.91539 -2.51436 4.82353 241 246 249
-2.8205 -2.52356 4.84118 242 247 250
-2.70505 -2.51436 4.82353 241 246 249
-2.59989 -2.51436 4.82353 241 246 249
-2.49472 -2.51436 4.82353 241 246 249
-2.3983 -2.52356 4.84118 242 247 250
-2.29274 -2.52356 4.84118 243 247 250
-2.18719 -2.52356 4.84118 243 247 250
-2.09682 -2.54196 4.87647 245 249 252
-1.98329 -2.53276 4.85882 244 248 251
-1.88417 -2.54196 4.87647 245 249 252
-1.77785 -2.54196 4.87647 245 249 252
-1.67153 -2.54196 4.87647 245 249 252
-1.56521 -2.54196 4.87647 245 249 252
-1.46417 -2.55116 4.89412 246 250 253
-1.35257 -2.54196 4.87647 244 249 252
-1.24174 -2.53276 4.85882 243 248 251
-1.1358 -2.53276 4.85882 243 248 251
-1.02612 -2.52356 4.84118 242 247 250
-0.92057 -2.52356 4.84118 243 248 251
-0.815018 -2.52356 4.84118 242 247 251
-0.70688 -2.51436 4.82353 239 247 249
-0.599512 -2.50517 4.80588 238 246 248
-0.49473 -2.50517 4.80588 238 246 250
-0.185189 -1.18972 2.28235 67 69 70
-3.04242 -1.89773 3.8 161 170 169
-3.70175 -2.37363 4.75294 239 244 245
-3.61148 -2.38245 4.77059 238 243 246
-3.52044 -2.39126 4.78824 239 244 247
-3.44122 -2.40889 4.82353 241 246 249
-3.33606 -2.40889 4.82353 241 246 249
-3.24271 -2.4177 4.84118 242 247 250
-3.12572 -2.40889 4.82353 242 247 250
-3.02056 -2.40889 4.82353 241 246 249
-2.93672 -2.42651 4.85882 244 248 251
-2.8205 -2.4177 4.84118 243 247 250
-2.71495 -2.4177 4.84118 243 247 248
-2.59989 -2.40889 4.82353 242 246 247
-2.49472 -2.40889 4.82353 242 246 247
-2.3983 -2.4177 4.84118 244 248 249
-2.3011 -2.42651 4.85882 244 248 251
-2.20314 -2.43532 4.87647 245 249 252
-2.09682 -2.43532 4.87647 245 249 252
-1.9977 -2.44414 4.89412 246 250 253
-1.89099 -2.44414 4.89412 246 250 253
-1.77785 -2.43532 4.87647 245 249 252
-1.67758 -2.44414 4.89412 246 250 253
-1.57087 -2.44414 4.89412 246 250 253
-1.45889 -2.43532 4.87647 245 249 252
-1.35257 -2.43532 4.87647 245 249 252
-1.24625 -2.43532 4.87647 245 249 252
-1.13992 -2.43532 4.87647 245 249 252
-1.03734 -2.44414 4.89412 246 250 253
-0.923926 -2.42651 4.85882 244 248 251
-0.817989 -2.42651 4.85882 243 248 251
-0.709467 -2.4177 4.84118 242 247 250
-0.603915 -2.4177 4.84118 242 247 250
-0.498363 -2.4177 4.84118 242 247 250
-0.212395 -1.30726 2.61765 113 115 117
-3.04242 -1.81463 3.8 202 211 210
-3.16573 -1.94104 4.06471 202 206 205
-3.62484 -2.28655 4.78824 240 244 245
-3.52044 -2.28655 4.78824 240 244 245
-3.44122 -2.30341 4.82353 242 246 247
-3.33606 -2.30341 4.82353 242 246 247
-3.24271 -2.31183 4.84118 243 247 248
-3.13716 -2.31183 4.84118 243 247 249
-3.04266 -2.32026 4.85882 243 248 251
-2.92605 -2.31183 4.84118 243 247 250
-2.83078 -2.32026 4.85882 244 248 251
-2.72485 -2.32026 4.85882 244 248 249
-2.61891 -2.32026 4.85882 244 248 249
-2.51297 -2.32026 4.85882 244 248 249
-2.3983 -2.31183 4.84118 243 247 248
-2.3011 -2.32026 4.85882 244 248 249
-2.21111 -2.33711 4.89412 248 249 251
-2.1044 -2.33711 4.89412 248 249 251
-1.9977 -2.33711 4.89412 248 249 253
-1.89781 -2.34554 4.91176 249 250 254
-1.78429 -2.33711 4.89412 248 249 253
-1.67758 -2.33711 4.89412 248 249 253
-1.57087 -2.33711 4.89412 248 249 253
-1.46945 -2.34554 4.91176 249 250 254
-1.36725 -2.35397 4.92941 248 251 255
-1.25978 -2.35397 4.92941 248 252 255
-1.14405 -2.33711 4.89412 246 250 253
-1.04108 -2.34554 4.91176 247 251 254
-0.927282 -2.32869 4.87647 245 249 252
-0.82096 -2.32869 4.87647 244 249 252
-0.712053 -2.32026 4.85882 243 248 251
-0.606116 -2.32026 4.85882 243 248 251
-0.50018 -2.32026 4.85882 243 248 251
-0.238169 -1.40171 2.93529 159 162 164
-3.15545 -1.79587 3.94118 199 207 209
-2.69843 -1.57875 3.46471 158 162 161
-3.49125 -2.10143 4.61176 239 243 244
-3.54639 -2.19793 4.82353 242 246 247
-3.44122 -2.19793 4.82353 242 246 247
-3.34826 -2.20597 4.84118 243 247 248
-3.25453 -2.21401 4.85882 244 248 249
-3.16003 -2.22205 4.87647 247 248 250
-3.04266 -2.21401 4.85882 246 247 249
-2.93672 -2.21401 4.85882 246 247 249
-2.84107 -2.22205 4.87647 247 248 250
-2.73474 -2.22205 4.87647 247 248 250
-2.62842 -2.22205 4.87647 247 249 248
-2.5221 -2.22205 4.87647 247 249 248
-2.41578 -2.22205 4.87647 246 249 249
-2.31782 -2.23009 4.89412 246 250 251
-2.21908 -2.23813 4.91176 249 250 252
-2.11199 -2.23813 4.91176 249 250 252
-2.0049 -2.23813 4.91176 249 250 254
-1.90463 -2.24617 4.92941 250 251 255
-1.79715 -2.24617 4.92941 250 251 255
-1.68968 -2.24617 4.92941 250 251 255
-1.5822 -2.24617 4.92941 250 251 255
-1.47473 -2.24617 4.92941 250 251 255
-1.36725 -2.24617 4.92941 250 251 255
-1.25527 -2.23813 4.91176 249 250 254
-1.14817 -2.23813 4.91176 249 250 254
-1.04482 -2.24617 4.92941 250 251 255
-0.933993 -2.23813 4.91176 249 250 254
-0.823931 -2.23009 4.89412 246 250 253
-0.714639 -2.22205 4.87647 244 249 252
-0.608318 -2.22205 4.87647 244 249 252
-0.50018 -2.21401 4.85882 244 248 251
-0.263942 -1.48226 3.25294 205 208 211
-3.07068 -1.66375 3.83529 181 185 186
-2.64345 -1.47237 3.39412 151 155 156
-2.58281 -1.48002 3.41176 153 157 156
-3.54639 -2.09245 4.82353 243 247 246
-3.45381 -2.1001 4.84118 243 247 246
-3.36047 -2.10776 4.85882 246 248 247
-3.25453 -2.10776 4.85882 246 248 247
-3.14859 -2.10776 4.85882 246 247 249
-3.05371 -2.11541 4.87647 247 248 250
-2.94739 -2.11541 4.87647 247 248 250
-2.84107 -2.11541 4.87647 247 248 250
-2.73474 -2.11541 4.87647 247 248 250
-2.63793 -2.12307 4.89412 248 250 249
-2.53123 -2.12307 4.89412 248 250 249
-2.42452 -2.12307 4.89412 248 250 249
-2.31782 -2.12307 4.89412 248 250 249
-2.21908 -2.13072 4.91176 249 251 250
-2.11199 -2.13072 4.91176 249 251 250
-2.0121 -2.13838 4.92941 250 252 251
-1.90463 -2.13838 4.92941 250 252 251
-1.81002 -2.15369 4.96471 252 254 253
-1.69573 -2.14603 4.94706 251 253 252
-1.58787 -2.14603 4.94706 251 253 252
-1.48001 -2.14603 4.94706 251 253 253
-1.37215 -2.14603 4.94706 252 254 253
-1.26429 -2.14603 4.94706 251 252 255
-1.1523 -2.13838 4.92941 250 251 255
-1.04482 -2.13838 4.92941 250 251 255
-0.933993 -2.13072 4.91176 249 250 254
-0.826902 -2.13072 4.91176 247 251 254
-0.717225 -2.12307 4.89412 248 249 253
-0.608318 -2.11541 4.87647 247 248 252
-0.50018 -2.10776 4.85882 244 248 251
-0.29258 -1.56423 3.60588 244 248 251
-3.01416 -1.5508 3.76471 173 177 178
-2.62971 -1.39088 3.37647 147 151 152
-2.58281 -1.40542 3.41176 155 159 160
-2.97551 -1.66711 4.04706 199 203 202
-3.44122 -1.98697 4.82353 241 245 244
-3.34826 -1.99424 4.84118 245 247 246
-3.26635 -2.00878 4.87647 247 249 248
-3.16003 -2.00878 4.87647 247 249 248
-3.06476 -2.01605 4.89412 247 249 248
-2.96872 -2.02331 4.91176 249 251 250
-2.85135 -2.01605 4.89412 248 250 249
-2.76443 -2.03058 4.92941 250 252 251
-2.64745 -2.02331 4.91176 249 251 250
-2.54036 -2.02331 4.91176 249 251 250
-2.43326 -2.02331 4.91176 249 251 250
-2.32617 -2.02331 4.91176 249 251 250
-2.21908 -2.02331 4.91176 249 251 250
-2.12717 -2.03785 4.94706 251 253 252
-2.01931 -2.03785 4.94706 251 253 252
-1.91827 -2.04512 4.96471 252 254 253
-1.81002 -2.04512 4.96471 252 254 253
-1.70178 -2.04512 4.96471 252 254 253
-1.59353 -2.04512 4.96471 252 254 253
-1.48529 -2.04512 4.96471 252 254 253
-1.37704 -2.04512 4.96471 252 254 253
-1.2688 -2.04512 4.96471 252 253 255
-1.16055 -2.04512 4.96471 252 253 255
-1.04482 -2.03058 4.92941 250 251 253
-0.937349 -2.03058 4.92941 250 251 253
-0.826902 -2.02331 4.91176 249 250 252
-0.719811 -2.02331 4.91176 249 250 252
-0.610519 -2.01605 4.89412 248 249 251
-0.503813 -2.01605 4.89412 246 250 251
-0.306899 -1.55807 3.78235 243 247 248
-2.87287 -1.39964 3.58824 156 160 159
-2.73966 -1.37211 3.51765 161 165 164
-2.7832 -1.43406 3.67647 180 184 183
-2.48247 -1.31704 3.37647 155 159 158
-3.34051 -1.82642 4.68235 244 247 247
-3.36047 -1.89526 4.85882 246 248 247
-3.27817 -1.90902 4.89412 248 250 249
-3.17147 -1.90902 4.89412 247 249 248
-3.06476 -1.90902 4.89412 248 250 249
-2.95805 -1.90902 4.89412 248 250 249
-2.86163 -1.91591 4.91176 249 251 250
-2.75454 -1.91591 4.91176 249 251 250
-2.63793 -1.90902 4.89412 248 250 249
-2.54948 -1.92279 4.92941 250 252 251
-2.43326 -1.91591 4.91176 249 251 250
-2.33453 -1.92279 4.92941 250 252 251
-2.23503 -1.92967 4.94706 251 253 252
-2.12717 -1.92967 4.94706 251 253 252
-2.02651 -1.93656 4.96471 252 254 253
-1.92508 -1.94344 4.98235 253 255 254
-1.81645 -1.94344 4.98235 253 255 254
-1.70782 -1.94344 4.98235 253 255 254
-1.59919 -1.94344 4.98235 254 254 254
-1.49056 -1.94344 4.98235 254 254 254
-1.37704 -1.93656 4.96471 252 254 253
-1.2688 -1.93656 4.96471 252 254 253
-1.16055 -1.93656 4.96471 252 254 253
-1.05605 -1.94344 4.98235 253 254 254
-0.94406 -1.93656 4.96471 252 253 255
-0.829873 -1.92279 4.92941 250 252 251
-0.719811 -1.91591 4.91176 249 251 250
-0.610519 -1.90902 4.89412 248 249 251
-0.503813 -1.90902 4.89412 246 250 251
-0.321217 -1.5442 3.95882 243 247 248
-2.75984 -1.2692 3.44706 160 164 163
-2.89085 -1.36666 3.71176 184 188 187
-2.80992 -1.36666 3.71176 187 191 190
-2.69007 -1.34717 3.65882 182 186 185
-2.53476 -1.30818 3.55294 176 180 179
-3.37267 -1.7955 4.87647 245 247 246
-3.28999 -1.8085 4.91176 248 250 249
-3.17147 -1.802 4.89412 248 250 249
-3.08686 -1.81499 4.92941 250 252 251
-2.96872 -1.8085 4.91176 249 251 250
-2.86163 -1.8085 4.91176 249 251 250
-2.76443 -1.81499 4.92941 250 252 251
-2.65696 -1.81499 4.92941 251 251 251
-2.54948 -1.81499 4.92941 251 251 251
-2.45075 -1.82149 4.94706 252 252 252
-2.35125 -1.82799 4.96471 253 253 253
-2.243 -1.82799 4.96471 252 254 253
-2.13476 -1.82799 4.96471 252 254 253
-2.03371 -1.83449 4.98235 253 255 254
-1.92508 -1.83449 4.98235 253 255 254
-1.81645 -1.83449 4.98235 253 255 254
-1.70782 -1.83449 4.98235 253 255 254
-1.59919 -1.83449 4.98235 254 254 254
-1.49056 -1.83449 4.98235 254 254 254
-1.38194 -1.83449 4.98235 253 255 254
-1.2688 -1.82799 4.96471 252 254 253
-1.16055 -1.82799 4.96471 252 254 253
-1.0523 -1.82799 4.96471 252 254 253
-0.940704 -1.82149 4.94706 250 252 251
-0.829873 -1.81499 4.92941 250 252 251
-0.719811 -1.8085 4.91176 249 251 250
-0.610519 -1.802 4.89412 248 250 249
-0.503813 -1.802 4.89412 248 249 251
-0.334104 -1.51611 4.11765 245 246 248
-2.75984 -1.19382 3.44706 157 160 157
-2.80838 -1.24882 3.60588 172 174 171
-2.83664 -1.29772 3.74706 198 200 197
-2.72899 -1.28549 3.71176 190 192 189
-2.61029 -1.26716 3.65882 166 168 165
-2.7136 -1.35883 3.92353 185 187 184
-3.26635 -1.68886 4.87647 246 246 244
-3.1829 -1.70109 4.91176 249 251 250
-3.07581 -1.70109 4.91176 249 251 250
-2.96872 -1.70109 4.91176 249 251 250
-2.87191 -1.7072 4.92941 250 252 251
-2.76443 -1.7072 4.92941 250 252 251
-2.67598 -1.71942 4.96471 253 253 253
-2.56774 -1.71942 4.96471 253 253 253
-2.45949 -1.71942 4.96471 253 253 253
-2.35125 -1.71942 4.96471 253 253 253
-2.243 -1.71942 4.96471 253 253 253
-2.14234 -1.72553 4.98235 254 254 254
-2.03371 -1.72553 4.98235 254 254 254
-1.92508 -1.72553 4.98235 254 254 254
-1.81645 -1.72553 4.98235 254 254 254
-1.70782 -1.72553 4.98235 254 254 254
-1.59919 -1.72553 4.98235 254 254 254
-1.49056 -1.72553 4.98235 254 254 254
-1.38194 -1.72553 4.98235 254 254 254
-1.2688 -1.71942 4.96471 253 253 253
-1.16055 -1.71942 4.96471 253 253 253
-1.0523 -1.71942 4.96471 253 253 253
-0.940704 -1.71331 4.94706 252 252 252
-0.829873 -1.7072 4.92941 251 251 251
-0.722397 -1.7072 4.92941 251 251 251
-0.610519 -1.69498 4.89412 249 249 249
-0.503813 -1.69498 4.89412 249 248 252
-0.345559 -1.47496 4.25882 246 246 248
-2.66094 -1.07836 3.32353 145 150 146
-2.89085 -1.20433 3.71176 184 186 183
-2.90343 -1.24441 3.83529 210 212 209
-2.81981 -1.24441 3.83529 201 203 200
-2.61029 -1.18715 3.65882 161 163 160
-3.01872 -1.41618 4.36471 221 223 220
-3.27817 -1.58795 4.89412 249 249 247
-3.1829 -1.59368 4.91176 250 250 248
-3.07581 -1.59368 4.91176 250 250 250
-2.97939 -1.5994 4.92941 251 251 251
-2.88219 -1.60513 4.94706 252 252 252
-2.78423 -1.61086 4.96471 253 253 253
-2.67598 -1.61086 4.96471 253 253 253
-2.56774 -1.61086 4.96471 253 253 253
-2.45949 -1.61086 4.96471 253 253 253
-2.3596 -1.61658 4.98235 254 254 254
-2.25097 -1.61658 4.98235 254 254 254
-2.14234 -1.61658 4.98235 254 254 254
-2.03371 -1.61658 4.98235 254 254 254
-1.92508 -1.61658 4.98235 254 254 254
-1.82289 -1.62231 5 255 255 255
-1.71387 -1.62231 5 255 255 255
-1.59919 -1.61658 4.98235 254 254 254
-1.49056 -1.61658 4.98235 254 254 254
-1.38194 -1.61658 4.98235 254 254 254
-1.27331 -1.61658 4.98235 254 254 254
-1.16055 -1.61086 4.96471 253 253 253
-1.0523 -1.61086 4.96471 253 253 253
-0.940704 -1.60513 4.94706 252 252 252
-0.829873 -1.5994 4.92941 251 251 251
-0.719811 -1.59368 4.91176 250 250 250
-0.610519 -1.58795 4.89412 249 249 249
-0.50018 -1.5765 4.85882 246 246 246
-0.20094 -0.80352 2.47647 124 124 124
-2.70332 -1.0217 3.37647 153 154 149
-2.93208 -1.13918 3.76471 192 194 189
-2.85 -1.13918 3.76471 196 198 193
-2.79386 -1.14986 3.8 196 198 195
-2.64806 -1.12316 3.71176 180 182 179
-2.7136 -1.18724 3.92353 191 193 190
-3.28999 -1.48627 4.91176 251 251 249
-3.1829 -1.48627 4.91176 250 250 248
-3.08686 -1.49161 4.92941 251 251 251
-2.97939 -1.49161 4.92941 251 251 251
-2.87191 -1.49161 4.92941 251 251 251
-2.78423 -1.50229 4.96471 253 253 253
-2.67598 -1.50229 4.96471 253 253 253
-2.56774 -1.50229 4.96471 253 253 253
-2.45949 -1.50229 4.96471 253 253 253
-2.35125 -1.50229 4.96471 253 253 253
-2.25097 -1.50763 4.98235 254 254 254
-2.14234 -1.50763 4.98235 254 254 254
-2.03371 -1.50763 4.98235 254 254 254
-1.92508 -1.50763 4.98235 254 254 254
-1.82289 -1.51297 5 255 255 255
-1.71387 -1.51297 5 255 255 255
-1.60486 -1.51297 5 255 255 255
-1.49056 -1.50763 4.98235 254 254 254
-1.38194 -1.50763 4.98235 254 254 254
-1.27331 -1.50763 4.98235 254 254 254
-1.16055 -1.50229 4.96471 253 253 253
-1.0523 -1.50229 4.96471 253 253 253
-0.937349 -1.49161 4.92941 251 251 251
-0.829873 -1.49161 4.92941 251 251 251
-0.719811 -1.48627 4.91176 250 250 250
-0.610519 -1.48093 4.89412 249 249 249
-0.3058 -0.898882 2.97059 111 111 113
-0.202372 -0.754705 2.49412 126 127 122
-2.71745 -0.952818 3.39412 166 168 163
-2.86336 -1.03208 3.67647 198 200 195
-2.86336 -1.06181 3.78235 198 200 195
-2.76792 -1.05685 3.76471 194 196 192
-2.5977 -1.02217 3.64118 183 185 182
-2.68919 -1.09153 3.88824 197 199 196
-3.27817 -1.37391 4.89412 249 249 247
-3.1829 -1.37886 4.91176 250 250 248
-3.08686 -1.38382 4.92941 251 251 249
-2.97939 -1.38382 4.92941 251 251 249
-2.87191 -1.38382 4.92941 251 251 249
-2.78423 -1.39372 4.96471 253 253 251
-2.67598 -1.39372 4.96471 253 253 251
-2.56774 -1.39372 4.96471 253 253 251
-2.45949 -1.39372 4.96471 253 253 251
-2.35125 -1.39372 4.96471 253 253 251
-2.25097 -1.39868 4.98235 254 254 252
-2.14234 -1.39868 4.98235 254 254 252
-2.03371 -1.39868 4.98235 254 254 252
-1.92508 -1.39868 4.98235 254 254 252
-1.81645 -1.39868 4.98235 254 254 253
-1.70782 -1.39868 4.98235 254 254 254
-1.59919 -1.39868 4.98235 254 254 254
-1.49056 -1.39868 4.98235 254 254 254
-1.38194 -1.39868 4.98235 254 254 254
-1.27331 -1.39868 4.98235 254 254 254
-1.16055 -1.39372 4.96471 253 253 253
-1.04856 -1.38877 4.94706 252 252 252
-0.937349 -1.38382 4.92941 251 251 251
-0.826902 -1.37886 4.91176 250 250 250
-0.719811 -1.37886 4.91176 250 250 250
-0.610519 -1.37391 4.89412 249 249 249
-0.31125 -0.848784 3.02353 133 133 135
-0.209531 -0.724934 2.58235 140 141 136
-2.59029 -0.837484 3.23529 138 140 135
-2.86336 -0.951686 3.67647 191 192 187
-2.75648 -0.94255 3.64118 178 179 174
-2.75494 -0.969958 3.74706 202 203 198
-2.63547 -0.956254 3.69412 183 183 181
-2.66478 -0.997367 3.85294 198 198 196
-3.27817 -1.26688 4.89412 249 249 247
-3.1829 -1.27145 4.91176 250 250 248
-3.08686 -1.27602 4.92941 251 251 249
-2.97939 -1.27602 4.92941 251 251 249
-2.88219 -1.28059 4.94706 252 252 250
-2.79412 -1.28972 4.98235 254 254 252
-2.67598 -1.28516 4.96471 253 253 251
-2.56774 -1.28516 4.96471 253 253 251
-2.45949 -1.28516 4.96471 253 253 251
-2.35125 -1.28516 4.96471 253 253 251
-2.243 -1.28516 4.96471 253 253 251
-2.14234 -1.28972 4.98235 254 254 252
-2.03371 -1.28972 4.98235 254 254 252
-1.92508 -1.28972 4.98235 254 254 252
-1.81645 -1.28972 4.98235 254 254 252
-1.70782 -1.28972 4.98235 254 254 252
-1.59919 -1.28972 4.98235 254 254 252
-1.49056 -1.28972 4.98235 254 254 252
-1.38194 -1.28972 4.98235 254 254 254
-1.27331 -1.28972 4.98235 254 254 254
-1.16055 -1.28516 4.96471 253 253 253
-1.04856 -1.28059 4.94706 252 252 252
-0.937349 -1.27602 4.92941 251 251 251
-0.826902 -1.27145 4.91176 250 250 250
-0.717225 -1.26688 4.89412 249 249 249
-0.608318 -1.26232 4.87647 248 248 248
-0.280367 -0.705009 2.72353 122 126 127
-0.195212 -0.622783 2.40588 103 104 96
-2.63268 -0.779282 3.28824 145 147 142
-2.83587 -0.862926 3.64118 183 184 179
-2.76984 -0.867108 3.65882 188 189 184
-2.71602 -0.875472 3.69412 191 192 187
-2.63547 -0.875472 3.69412 176 176 174
-2.62816 -0.900565 3.8 188 188 186
-3.27817 -1.15986 4.89412 249 249 247
-3.1829 -1.16404 4.91176 250 250 248
-3.08686 -1.16823 4.92941 251 251 249
-2.97939 -1.16823 4.92941 251 251 249
-2.87191 -1.16823 4.92941 251 251 249
-2.78423 -1.17659 4.96471 253 253 251
-2.67598 -1.17659 4.96471 253 253 251
-2.56774 -1.17659 4.96471 253 253 251
-2.45949 -1.17659 4.96471 253 253 251
-2.35125 -1.17659 4.96471 253 253 251
-2.243 -1.17659 4.96471 253 253 251
-2.13476 -1.17659 4.96471 253 253 251
-2.03371 -1.18077 4.98235 254 254 252
-1.92508 -1.18077 4.98235 254 254 252
-1.81645 -1.18077 4.98235 254 254 252
-1.70782 -1.18077 4.98235 254 254 252
-1.59353 -1.17659 4.96471 253 253 251
-1.48529 -1.17659 4.96471 253 253 251
-1.37704 -1.17659 4.96471 253 253 251
-1.2688 -1.17659 4.96471 253 253 252
-1.15642 -1.17241 4.94706 252 252 252
-1.04482 -1.16823 4.92941 251 251 251
-0.933993 -1.16404 4.91176 250 250 250
-0.826902 -1.16404 4.91176 250 250 250
-0.717225 -1.15986 4.89412 249 249 249
-0.606116 -1.1515 4.85882 247 247 247
-0.282184 -0.649634 2.74118 118 121 123
-0.186621 -0.545079 2.3 103 103 95
-2.74571 -0.737746 3.42941 153 154 149
-2.6572 -0.73395 3.41176 161 162 157
-2.79656 -0.794691 3.69412 191 192 187
-2.70304 -0.790894 3.67647 187 188 183
-2.50958 -0.756728 3.51765 165 166 161
-2.57934 -0.802283 3.72941 187 188 183
-3.27817 -1.05284 4.89412 250 249 247
-3.1829 -1.05663 4.91176 251 250 248
-3.07581 -1.05663 4.91176 251 250 248
-2.97939 -1.06043 4.92941 251 250 248
-2.87191 -1.06043 4.92941 252 251 249
-2.75454 -1.05663 4.91176 250 250 248
-2.66647 -1.06423 4.94706 252 252 250
-2.55861 -1.06423 4.94706 252 252 250
-2.45949 -1.06802 4.96471 253 253 251
-2.35125 -1.06802 4.96471 253 253 251
-2.243 -1.06802 4.96471 253 253 251
-2.13476 -1.06802 4.96471 253 253 251
-2.02651 -1.06802 4.96471 253 253 251
-1.91827 -1.06802 4.96471 253 253 251
-1.81002 -1.06802 4.96471 253 253 251
-1.70178 -1.06802 4.96471 253 253 251
-1.59353 -1.06802 4.96471 253 253 251
-1.49056 -1.07182 4.98235 254 254 252
-1.37704 -1.06802 4.96471 253 253 251
-1.25978 -1.06043 4.92941 251 251 249
-1.1523 -1.06043 4.92941 251 251 249
-1.04108 -1.05663 4.91176 250 250 248
-0.930637 -1.05284 4.89412 249 249 247
-0.823931 -1.05284 4.89412 249 249 247
-0.712053 -1.04525 4.85882 246 246 244
-0.603915 -1.04145 4.84118 246 246 244
-0.32215 -0.673209 3.12941 128 137 136
-0.192349 -0.509969 2.37059 114 111 104
-2.80223 -0.676395 3.5 142 143 138
-2.57473 -0.63888 3.30588 158 159 154
-2.72976 -0.696857 3.60588 181 182 177
-2.65114 -0.696857 3.60588 184 185 180
-2.57252 -0.696857 3.60588 180 181 176
-2.57934 -0.72073 3.72941 191 192 187
-3.27817 -0.945816 4.89412 250 249 247
-3.17147 -0.945816 4.89412 250 249 247
-3.06476 -0.945816 4.89412 250 249 247
-2.96872 -0.949226 4.91176 251 250 248
-2.87191 -0.952636 4.92941 252 251 249
-2.77433 -0.956047 4.94706 253 252 250
-2.65696 -0.952636 4.92941 252 251 249
-2.54948 -0.952636 4.92941 252 251 249
-2.44201 -0.952636 4.92941 252 251 249
-2.34289 -0.956047 4.94706 253 252 250
-2.23503 -0.956047 4.94706 253 252 250
-2.12717 -0.956047 4.94706 253 252 250
-2.01931 -0.956047 4.94706 253 252 250
-1.91827 -0.959457 4.96471 254 253 251
-1.80359 -0.956047 4.94706 253 252 250
-1.69573 -0.956047 4.94706 253 252 250
-1.58787 -0.956047 4.94706 253 252 250
-1.47473 -0.952636 4.92941 252 251 249
-1.36725 -0.952636 4.92941 252 251 249
-1.25978 -0.952636 4.92941 252 251 249
-1.14817 -0.949226 4.91176 250 250 248
-1.03734 -0.945816 4.89412 249 249 247
-0.930637 -0.945816 4.89412 247 247 245
-0.82096 -0.942405 4.87647 248 249 244
-0.712053 -0.938995 4.85882 247 248 243
-0.603915 -0.935584 4.84118 246 247 239
-0.382098 -0.717319 3.71176 184 183 189
-0.195212 -0.46495 2.40588 114 111 102
-2.92939 -0.627078 3.65882 173 175 169
-2.57473 -0.566588 3.30588 156 157 151
-2.66297 -0.602882 3.51765 184 185 179
-2.61222 -0.608931 3.55294 180 181 175
-2.43404 -0.584735 3.41176 144 145 140
-2.62816 -0.651274 3.8 188 189 184
-3.26635 -0.835768 4.87647 249 248 244
-3.17147 -0.838793 4.89412 250 249 245
-3.07581 -0.841817 4.91176 251 250 246
-2.96872 -0.841817 4.91176 251 250 246
-2.85135 -0.838793 4.89412 250 249 245
-2.75454 -0.841817 4.91176 251 250 246
-2.64745 -0.841817 4.91176 251 250 246
-2.54948 -0.844842 4.92941 252 251 249
-2.43326 -0.841817 4.91176 251 250 248
-2.33453 -0.844842 4.92941 252 251 249
-2.22706 -0.844842 4.92941 252 251 249
-2.11958 -0.844842 4.92941 252 251 249
-2.0121 -0.844842 4.92941 252 251 249
-1.90463 -0.844842 4.92941 252 251 249
-1.79715 -0.844842 4.92941 252 251 249
-1.68968 -0.844842 4.92941 252 251 249
-1.5822 -0.844842 4.92941 252 251 249
-1.46945 -0.841817 4.91176 251 250 248
-1.36236 -0.841817 4.91176 251 250 248
-1.25076 -0.838793 4.89412 250 249 247
-1.14405 -0.838793 4.89412 249 249 247
-1.0336 -0.835768 4.87647 249 249 247
-0.66554 -0.599858 3.5 170 170 168
-0.562491 -0.572637 3.34118 165 162 155
-0.474127 -0.55449 3.23529 167 164 157
-0.414595 -0.569613 3.32353 165 163 150
-0.445681 -0.742009 4.32941 243 242 247
-0.189485 -0.400241 2.33529 110 107 98
-2.887 -0.539152 3.60588 166 169 162
-2.45103 -0.470549 3.14706 144 145 138
-2.60953 -0.515405 3.44706 169 170 164
-2.58627 -0.525959 3.51765 174 175 169
-2.52217 -0.528598 3.53529 174 175 170
-2.59155 -0.560261 3.74706 187 188 183
-3.25453 -0.726492 4.85882 248 247 243
-3.14859 -0.726492 4.85882 248 247 243
-3.04266 -0.726492 4.85882 248 247 243
-2.94739 -0.729131 4.87647 249 248 244
-2.85135 -0.73177 4.89412 250 249 245
-2.75454 -0.734408 4.91176 251 250 246
-2.64745 -0.734408 4.91176 251 250 246
-2.53123 -0.73177 4.89412 250 249 247
-2.43326 -0.734408 4.91176 251 250 248
-2.32617 -0.734408 4.91176 251 250 248
-2.21908 -0.734408 4.91176 251 250 248
-2.11199 -0.734408 4.91176 251 250 246
-2.0049 -0.734408 4.91176 251 250 246
-1.89781 -0.734408 4.91176 251 250 248
-1.79072 -0.734408 4.91176 251 250 248
-1.68363 -0.734408 4.91176 251 250 248
-1.57087 -0.73177 4.89412 250 249 247
-1.45889 -0.729131 4.87647 249 248 246
-1.35257 -0.729131 4.87647 249 248 246
-1.24625 -0.729131 4.87647 249 248 246
-1.1358 -0.726492 4.85882 248 247 243
-1.02612 -0.723854 4.84118 248 244 243
-0.635339 -0.499573 3.34118 159 160 158
-0.538724 -0.478465 3.2 155 154 146
-0.443093 -0.452079 3.02353 147 147 139
-0.407991 -0.489019 3.27059 162 154 141
-0.427514 -0.620949 4.15294 223 221 222
-0.20094 -0.370282 2.47647 117 113 104
-2.81636 -0.449037 3.51765 172 173 168
-2.35483 -0.385961 3.02353 135 136 131
-2.32898 -0.392719 3.07647 124 125 119
-2.39165 -0.415246 3.25294 146 147 141
-2.40886 -0.431015 3.37647 153 154 148
-2.57934 -0.476069 3.72941 171 172 166
-3.20725 -0.61123 4.78824 246 246 240
-3.12572 -0.615736 4.82353 246 245 240
-3.02056 -0.615736 4.82353 246 245 240
-2.92605 -0.617989 4.84118 246 247 242
-2.83078 -0.620241 4.85882 247 248 243
-2.72485 -0.620241 4.85882 248 247 243
-2.62842 -0.622494 4.87647 249 248 244
-2.5221 -0.622494 4.87647 249 248 244
-2.43326 -0.626999 4.91176 251 250 246
-2.30946 -0.622494 4.87647 249 248 244
-2.21908 -0.626999 4.91176 251 250 246
-2.11199 -0.626999 4.91176 251 250 246
-2.0049 -0.626999 4.91176 251 250 246
-1.89099 -0.624747 4.89412 250 249 245
-1.77785 -0.622494 4.87647 249 248 244
-1.67758 -0.624747 4.89412 250 249 245
-1.55955 -0.620241 4.85882 248 247 243
-1.45361 -0.620241 4.85882 248 247 244
-1.34278 -0.617989 4.84118 247 246 243
-1.23723 -0.617989 4.84118 247 246 244
-1.12342 -0.613483 4.80588 245 244 240
-1.01116 -0.608978 4.77059 240 239 236
-0.621916 -0.417499 3.27059 159 160 158
-0.509015 -0.385961 3.02353 140 140 132
-0.432749 -0.37695 2.95294 137 136 129
-0.396984 -0.406235 3.18235 161 153 140
-0.31125 -0.385961 3.02353 140 138 138
-0.199508 -0.313875 2.45882 129 124 116
-2.57616 -0.340378 3.21765 173 174 169
-2.50601 -0.340378 3.21765 151 152 147
-2.39578 -0.334778 3.16471 139 140 134
-2.3657 -0.340378 3.21765 132 133 127
-2.44663 -0.36278 3.42941 179 178 170
-2.44509 -0.373981 3.53529 168 175 172
-2.10796 -0.332911 3.14706 144 156 157
-2.11939 -0.345979 3.27059 150 160 161
-2.07019 -0.349712 3.30588 154 164 165
-2.05144 -0.359046 3.39412 156 166 163
-2.51206 -0.456119 4.31176 220 218 219
-2.70505 -0.510256 4.82353 246 245 241
-2.6094 -0.512123 4.84118 247 246 242
-2.51297 -0.51399 4.85882 248 247 243
-2.40704 -0.51399 4.85882 248 247 243
-2.3011 -0.51399 4.85882 248 247 243
-2.19516 -0.51399 4.85882 247 246 242
-2.08164 -0.512123 4.84118 247 246 242
-1.98329 -0.51399 4.85882 248 247 243
-1.87736 -0.51399 4.85882 248 247 243
-1.77785 -0.515857 4.87647 249 248 244
-1.66548 -0.51399 4.85882 248 247 243
-1.55388 -0.512123 4.84118 247 246 242
-1.44305 -0.510256 4.82353 246 245 241
-1.33788 -0.510256 4.82353 246 245 241
-1.22821 -0.50839 4.80588 245 244 240
-1.11517 -0.504656 4.77059 243 242 238
-0.749331 -0.373981 3.53529 177 177 172
-0.58836 -0.327311 3.09412 146 147 142
-0.49119 -0.308643 2.91765 134 135 129
-0.42499 -0.306776 2.9 137 133 124
-0.392581 -0.332911 3.14706 160 150 138
-0.291267 -0.299309 2.82941 137 132 129
-0.185189 -0.241438 2.28235 106 103 98
-2.27946 -0.238917 2.84706 142 143 137
-2.64345 -0.284825 3.39412 168 169 163
-2.43586 -0.270016 3.21765 150 151 145
-2.3657 -0.270016 3.21765 143 144 138
-2.45922 -0.289268 3.44706 177 177 169
-2.39627 -0.290748 3.46471 164 171 167
-2.10796 -0.264092 3.14706 143 159 158
-2.10796 -0.272978 3.25294 154 166 164
-2.03703 -0.272978 3.25294 150 162 160
-2.00877 -0.278901 3.32353 153 162 161
-2.08025 -0.299634 3.57059 170 175 171
-2.66547 -0.398854 4.75294 246 245 241
-2.58086 -0.401815 4.78824 244 243 239
-2.47647 -0.401815 4.78824 244 243 238
-2.38081 -0.403296 4.80588 245 244 239
-2.28439 -0.404777 4.82353 246 245 240
-2.18719 -0.406258 4.84118 247 246 241
-2.08164 -0.406258 4.84118 247 246 242
-1.96889 -0.404777 4.82353 246 245 241
-1.86372 -0.404777 4.82353 246 245 241
-1.75855 -0.404777 4.82353 246 245 241
-1.64734 -0.403296 4.80588 245 244 240
-1.54255 -0.403296 4.80588 245 244 240
-1.42721 -0.400334 4.77059 243 242 238
-1.3232 -0.400334 4.77059 243 242 238
-1.21468 -0.398854 4.75294 242 241 237
-1.1028 -0.395892 4.71765 240 239 235
-0.682003 -0.270016 3.21765 151 151 146
-0.561514 -0.247803 2.95294 134 133 129
-0.473364 -0.235955 2.81176 130 131 127
-0.419818 -0.240398 2.86471 138 134 123
-0.381574 -0.256688 3.05882 161 152 137
-0.282184 -0.230032 2.74118 120 115 113
-0.185189 -0.191529 2.28235 104 102 90
-2.64681 -0.205128 3.30588 177 176 171
-2.6572 -0.211698 3.41176 173 172 167
-2.50265 -0.205128 3.30588 167 166 161
-2.43058 -0.205128 3.30588 171 171 165
-2.34591 -0.204033 3.28824 173 173 165
-2.26201 -0.202938 3.27059 148 158 153
-2.04886 -0.189799 3.05882 139 152 152
-2.01647 -0.193084 3.11176 142 154 152
-1.97073 -0.195274 3.14706 144 156 154
-1.95544 -0.200748 3.23529 145 154 152
-2.03912 -0.217173 3.5 168 173 169
-2.23992 -0.247833 3.99412 190 189 185
-2.56184 -0.294918 4.75294 242 241 237
-2.45821 -0.294918 4.75294 242 241 236
-2.36333 -0.296013 4.77059 243 242 237
-2.25931 -0.296013 4.77059 243 242 237
-2.1553 -0.296013 4.77059 243 242 237
-2.05129 -0.296013 4.77059 243 242 238
-1.94728 -0.296013 4.77059 243 242 238
-1.84326 -0.296013 4.77059 243 242 238
-1.73925 -0.296013 4.77059 243 242 238
-1.62919 -0.294918 4.75294 242 241 237
-1.52556 -0.294918 4.75294 241 240 236
-1.41665 -0.293823 4.73529 241 240 236
-1.30362 -0.291633 4.7 239 238 234
-1.19664 -0.290538 4.68235 238 237 233
-0.954291 -0.253308 4.08235 198 197 193
-0.670782 -0.196368 3.16471 151 151 147
-0.527958 -0.172279 2.77647 121 120 116
-0.461481 -0.170089 2.74118 128 129 126
-0.419818 -0.177754 2.86471 139 135 124
-0.377172 -0.187609 3.02353 151 142 127
-0.27855 -0.167899 2.70588 121 116 112
-0.159415 -0.121909 1.96471 81 77 74
-2.54791 -0.127873 3.18235 165 164 159
-2.39606 -0.123618 3.07647 144 143 138
-2.40914 -0.127873 3.18235 154 153 148
-2.48247 -0.135673 3.37647 171 170 165
-2.30814 -0.13 3.23529 151 151 143
-2.20098 -0.127873 3.18235 143 156 149
-1.96611 -0.117946 2.93529 130 140 141
-1.90212 -0.117946 2.93529 129 141 139
-1.87127 -0.120073 2.98824 134 146 144
-1.93411 -0.128582 3.2 151 159 156
-1.98772 -0.137091 3.41176 161 167 161
-2.2894 -0.164036 4.08235 198 202 198
-2.52379 -0.188146 4.68235 240 237 232
-2.43996 -0.189564 4.71765 240 239 234
-2.34584 -0.190273 4.73529 241 240 235
-2.2426 -0.190273 4.73529 241 240 235
-2.13936 -0.190273 4.73529 241 240 235
-2.03611 -0.190273 4.73529 241 240 235
-1.93287 -0.190273 4.73529 241 240 235
-1.82963 -0.190273 4.73529 241 240 235
-1.71995 -0.189564 4.71765 240 239 234
-1.61104 -0.188855 4.7 240 239 234
-1.5029 -0.188146 4.68235 238 237 232
-1.40081 -0.188146 4.68235 238 237 232
-1.29383 -0.187437 4.66471 237 236 231
-1.18311 -0.186018 4.62941 235 234 229
-0.805785 -0.138509 3.44706 158 157 153
-0.670782 -0.127164 3.16471 155 155 150
-0.517891 -0.109436 2.72353 128 127 125
-0.437713 -0.104473 2.6 117 116 109
-0.422404 -0.115818 2.88235 148 141 131
-0.366165 -0.117946 2.93529 148 139 124
-0.271284 -0.105891 2.63529 121 117 111
-0.175166 -0.0867455 2.15882 98 95 90
-2.2512 -0.0514952 2.81176 141 140 135
-2.51975 -0.0592517 3.23529 168 167 162
-2.34234 -0.0566662 3.09412 142 141 136
-2.3138 -0.0576358 3.14706 152 151 146
-2.27037 -0.0582822 3.18235 150 150 142
-2.16437 -0.0573126 3.12941 142 154 147
-1.93065 -0.0527879 2.88235 128 138 137
-1.95929 -0.0553735 3.02353 140 149 146
-1.90442 -0.0556966 3.04118 139 149 146
-1.95544 -0.0592517 3.23529 160 162 159
-1.94659 -0.0611909 3.34118 159 164 160
-2.37847 -0.0776737 4.24118 221 224 217
-2.49526 -0.0847839 4.62941 238 233 229
-2.40345 -0.0851071 4.64706 236 235 230
-2.31087 -0.0854303 4.66471 237 236 231
-2.21753 -0.0857534 4.68235 238 237 232
-2.11544 -0.0857534 4.68235 238 237 232
-2.01335 -0.0857534 4.68235 238 237 232
-1.91126 -0.0857534 4.68235 238 237 232
-1.80917 -0.0857534 4.68235 238 237 232
-1.70708 -0.0857534 4.68235 238 237 232
-1.59894 -0.0854303 4.66471 237 236 231
-1.49157 -0.0851071 4.64706 236 235 231
-1.39026 -0.0851071 4.64706 237 236 232
-1.27425 -0.0841375 4.59412 235 231 228
-1.16958 -0.0838143 4.57647 238 233 230
-0.748032 -0.0586054 3.2 155 156 151
-0.644599 -0.0556966 3.04118 147 148 143
-0.501112 -0.0482632 2.63529 122 121 116
-0.422859 -0.0460009 2.51176 110 110 105
-0.414646 -0.0518183 2.82941 146 138 126
-0.344151 -0.0505256 2.75882 139 131 120
-0.269467 -0.0479401 2.61765 100 96 85
-0.17803 -0.0401835 2.19412 125 121 118
-2.22294 0.00986618 2.77647 116 115 110
-2.47852 0.0113085 3.18235 154 153 148
-2.44922 0.0114966 3.23529 173 172 167
-2.30083 0.0111204 3.12941 151 150 145
-2.19483 0.0109322 3.07647 137 137 129
-2.10334 0.0108068 3.04118 135 148 140
-1.88337 0.0099916 2.81176 124 134 134
-1.8335 0.0100543 2.82941 126 135 132
-1.86022 0.010556 2.97059 139 148 145
-1.90211 0.0111831 3.14706 153 155 152
-1.87462 0.0114339 3.21765 150 155 151
-2.43785 0.0154473 4.34706 234 237 230
-2.47623 0.0163252 4.59412 236 231 227
-2.3852 0.0163879 4.61176 234 233 228
-2.29339 0.0164506 4.62941 235 234 229
-2.19245 0.0164506 4.62941 235 234 229
-2.09949 0.0165133 4.64706 236 235 230
-1.99817 0.0165133 4.64706 236 235 230
-1.89685 0.0165133 4.64706 236 235 230
-1.79553 0.0165133 4.64706 236 235 230
-1.68778 0.0164506 4.62941 235 234 229
-1.5808 0.0163879 4.61176 234 233 228
-1.47458 0.0163252 4.59412 233 232 228
-1.36914 0.0162625 4.57647 233 232 228
-1.17636 0.015071 4.24118 208 209 204
-1.15154 0.0160116 4.50588 224 225 220
-0.723281 0.0109949 3.09412 150 151 146
-0.610935 0.0102424 2.88235 136 137 132
-0.491045 0.00917638 2.58235 107 107 99
-0.431772 0.00911367 2.56471 111 112 106
-0.41206 0.0099916 2.81176 143 135 122
-0.328741 0.00936451 2.63529 127 119 108
-0.27855 0.00961535 2.70588 130 124 114
-0.173734 0.00760866 2.14118 108 104 101
-2.47726 0.0786561 3.09412 134 133 128
-2.35483 0.0768617 3.02353 147 146 141
-2.23547 0.0750672 2.95294 146 145 140
-2.26191 0.0782075 3.07647 153 152 147
-2.04375 0.0728242 2.86471 112 112 100
-2.06673 0.0759644 2.98824 135 147 144
-1.84791 0.0701325 2.75882 121 132 128
-1.78776 0.0701325 2.75882 121 130 127
-1.79392 0.0728242 2.86471 130 139 136
-1.87012 0.0786561 3.09412 139 144 140
-1.85406 0.0808991 3.18235 148 153 149
-2.49723 0.113199 4.45294 237 236 231
-2.43819 0.114993 4.52353 229 228 223
-2.34869 0.115442 4.54118 230 229 224
-2.25842 0.115891 4.55882 231 230 225
-2.15902 0.115891 4.55882 231 230 225
-2.0676 0.116339 4.57647 232 231 226
-1.96782 0.116339 4.57647 232 231 226
-1.86804 0.116339 4.57647 232 231 226
-1.75462 0.115442 4.54118 230 229 224
-1.66205 0.115891 4.55882 231 230 225
-1.56265 0.115891 4.55882 233 230 225
-1.45193 0.114993 4.52353 232 227 223
-1.3269 0.11275 4.43529 224 224 218
-1.05399 0.0966005 3.8 190 191 186
-0.91251 0.0907685 3.57059 174 175 170
-0.702655 0.0764131 3.00588 144 145 140
-0.607195 0.0728242 2.86471 138 139 134
-0.484334 0.0647492 2.54706 110 110 102
-0.434742 0.0656464 2.58235 110 110 102
-0.41206 0.0714784 2.81176 137 128 113
-0.315533 0.0643006 2.52941 117 110 94
-0.280367 0.0692353 2.72353 138 131 118
-0.202372 0.0634034 2.49412 66 62 59
-2.46313 0.145483 3.07647 156 155 150
-2.16241 0.131296 2.77647 118 117 112
-2.16867 0.135469 2.86471 126 125 120
-2.08026 0.1338 2.82941 127 126 121
-2.24519 0.148821 3.14706 163 163 151
-1.98129 0.135469 2.86471 126 137 135
-1.78881 0.126289 2.67059 116 127 123
-1.73058 0.126289 2.67059 116 125 122
-1.70551 0.128793 2.72353 118 127 124
-1.82745 0.142979 3.02353 137 142 138
-1.80265 0.146317 3.09412 143 148 144
-2.49723 0.210574 4.45294 227 226 221
-2.40965 0.211409 4.47059 226 225 220
-2.32131 0.212243 4.48824 227 226 221
-2.22345 0.212243 4.48824 227 226 221
-2.12559 0.212243 4.48824 227 226 221
-2.03571 0.213078 4.50588 228 227 222
-1.93747 0.213078 4.50588 228 227 222
-1.83923 0.213078 4.50588 228 227 222
-1.74099 0.213078 4.50588 228 227 222
-1.63631 0.212243 4.48824 227 226 221
-1.5324 0.211409 4.47059 228 225 220
-1.4236 0.20974 4.43529 227 222 218
-1.32162 0.208905 4.41765 223 223 218
-1.01483 0.173022 3.65882 179 180 175
-0.885451 0.163842 3.46471 167 168 163
-0.682029 0.137972 2.91765 140 141 136
-0.569791 0.127124 2.68824 120 120 116
-0.484334 0.120447 2.54706 113 113 105
-0.428801 0.120447 2.54706 117 117 109
-0.401715 0.129627 2.74118 134 125 110
-0.304526 0.11544 2.44118 113 106 90
-0.27855 0.127958 2.70588 134 125 108
-0.24676 0.143814 3.04118 144 137 131
-2.09578 0.181027 2.61765 126 125 120
-2.34108 0.207876 3.00588 158 158 150
-2.18203 0.199333 2.88235 127 127 119
-2.14513 0.201774 2.91765 145 145 137
-2.13188 0.206656 2.98824 145 145 134
-1.83483 0.183468 2.65294 110 122 120
-1.75335 0.181027 2.61765 113 124 120
-1.69628 0.181027 2.61765 112 121 118
-1.70551 0.18835 2.72353 123 132 129
-1.78479 0.204215 2.95294 136 138 135
-1.76153 0.209097 3.02353 139 144 140
-2.23992 0.276219 3.99412 195 196 190
-2.36209 0.303068 4.38235 223 220 215
-2.27567 0.304289 4.4 224 221 216
-2.18848 0.305509 4.41765 225 222 217
-2.09216 0.305509 4.41765 225 222 217
-2.00382 0.30673 4.43529 226 223 218
-1.90712 0.30673 4.43529 226 223 218
-1.81041 0.30673 4.43529 226 223 218
-1.71371 0.30673 4.43529 226 223 218
-1.61058 0.305509 4.41765 225 222 217
-1.50821 0.304289 4.4 223 220 215
-1.40095 0.301848 4.36471 223 218 214
-1.29523 0.299407 4.32941 216 216 211
-0.985465 0.245709 3.55294 172 173 168
-0.858391 0.232285 3.35882 160 161 156
-0.649028 0.192011 2.77647 133 132 128
-0.551089 0.179807 2.6 121 120 115
-0.491045 0.178587 2.58235 124 123 119
-0.422859 0.173705 2.51176 119 116 109
-0.393957 0.185909 2.68824 133 128 107
-0.194456 0.107803 1.55882 58 56 35
-0.158653 0.106582 1.54118 59 59 31
-0.238169 0.202995 2.93529 200 195 191
-2.08165 0.236663 2.6 115 115 105
-2.20364 0.257545 2.82941 139 138 133
-2.22211 0.267183 2.93529 143 143 135
-2.19703 0.272002 2.98824 153 153 145
-2.05634 0.262364 2.88235 133 133 122
-1.7494 0.230238 2.52941 105 117 115
-1.74153 0.236663 2.6 115 126 122
-1.61623 0.227025 2.49412 108 117 114
-1.595 0.231844 2.54706 110 119 116
-1.73146 0.260758 2.86471 134 136 133
-1.73069 0.270395 2.97059 137 142 138
-2.22012 0.360349 3.95882 192 193 187
-2.32405 0.392475 4.31176 219 216 211
-2.23916 0.394081 4.32941 220 217 212
-2.15351 0.395688 4.34706 221 218 213
-2.06709 0.397294 4.36471 222 219 213
-1.97193 0.397294 4.36471 222 219 213
-1.87676 0.397294 4.36471 222 219 212
-1.7816 0.397294 4.36471 222 219 212
-1.67962 0.395688 4.34706 221 218 211
-1.58484 0.395688 4.34706 221 218 211
-1.48401 0.394081 4.32941 220 217 210
-1.37263 0.389262 4.27647 217 214 207
-1.26883 0.38605 4.24118 214 211 204
-0.951202 0.312159 3.42941 168 169 164
-0.831331 0.296096 3.25294 157 158 153
-0.628402 0.244694 2.68824 122 123 117
-0.528646 0.227025 2.49412 107 108 99
-0.484334 0.231844 2.54706 119 118 114
-0.301052 0.162773 1.78824 74 79 58
-0.207754 0.12904 1.41765 50 55 33
-0.172442 0.125828 1.38235 46 52 25
-0.142303 0.125828 1.38235 52 55 34
-0.129346 0.145103 1.59412 62 66 44
-1.34695 0.189924 1.68235 66 68 48
-1.96999 0.28555 2.52941 111 110 105
-2.04844 0.305472 2.70588 111 112 104
-2.22298 0.341332 3.02353 154 155 147
-2.16965 0.343324 3.04118 147 148 139
-1.67617 0.273597 2.42353 102 116 109
-1.6115 0.271605 2.40588 102 112 110
-1.62766 0.283558 2.51176 109 118 115
-1.73866 0.313441 2.77647 125 129 131
-1.71012 0.319418 2.82941 132 134 129
-1.69984 0.329379 2.91765 137 139 134
-2.18054 0.43895 3.88824 191 192 186
-2.19088 0.458872 4.06471 205 202 197
-2.11139 0.460864 4.08235 205 204 199
-2.07483 0.472818 4.18824 210 209 204
-2.01695 0.480787 4.25882 216 213 206
-1.93206 0.482779 4.27647 217 214 207
-1.83882 0.482779 4.27647 217 214 207
-1.73838 0.480787 4.25882 216 213 206
-1.64553 0.480787 4.25882 216 213 206
-1.5398 0.476802 4.22353 214 211 204
-1.45377 0.478794 4.24118 215 212 205
-1.33864 0.470825 4.17059 210 207 200
-1.20547 0.454888 4.02941 208 205 198
-0.912044 0.371215 3.28824 159 160 155
-0.799762 0.353285 3.12941 151 152 147
-0.599526 0.289534 2.56471 109 110 104
-0.509944 0.271605 2.40588 100 100 95
-0.269572 0.160041 1.41765 48 50 27
-0.259459 0.173986 1.54118 57 62 38
-0.199995 0.154064 1.36471 43 47 28
-0.183449 0.166017 1.47059 45 52 21
-0.11142 0.122189 1.08235 36 38 25
-0.1093 0.152072 1.34706 52 58 23
-1.21979 0.20531 1.52353 60 63 33
-1.14534 0.198176 1.47059 57 60 33
-1.76789 0.314703 2.33529 111 115 92
-1.15906 0.212444 1.57647 60 64 40
-1.16246 0.219579 1.62941 68 69 43
-1.09032 0.212444 1.57647 66 78 53
-1.26872 0.25525 1.89412 77 85 62
-1.22742 0.25525 1.89412 68 75 52
-1.26348 0.271897 2.01765 64 67 51
-1.93411 0.431231 3.2 156 159 150
-1.69984 0.393181 2.91765 133 135 132
-2.03209 0.488305 3.62353 178 181 172
-2.09576 0.523977 3.88824 193 193 185
-2.01099 0.523977 3.88824 193 193 185
-1.99615 0.543002 4.02941 202 203 189
-1.9668 0.559648 4.15294 208 209 195
-1.88423 0.562027 4.17059 209 210 196
-1.77812 0.55727 4.13529 209 207 194
-1.67355 0.552514 4.1 207 204 197
-1.55689 0.543002 4.02941 201 201 193
-1.46903 0.543002 4.02941 201 201 193
-1.39328 0.547758 4.06471 203 203 195
-1.17438 0.493061 3.65882 178 179 174
-1.07349 0.483549 3.58824 178 179 170
-0.799467 0.388425 2.88235 137 140 125
-0.429947 0.226713 1.68235 63 65 51
-0.401517 0.231469 1.71765 72 75 56
-0.285519 0.181529 1.34706 42 46 26
-0.239371 0.169638 1.25882 39 43 25
-0.217866 0.174395 1.29412 40 45 23
-0.181892 0.16726 1.24118 42 47 27
-0.163637 0.176773 1.31176 51 57 32
-0.165919 0.217201 1.61176 70 77 44
-0.1093 0.181529 1.34706 52 59 27
-1.37521 0.26903 1.71765 82 87 55
-1.06288 0.21375 1.36471 46 51 18
-1.15336 0.238626 1.52353 57 61 33
-0.951471 0.202694 1.29412 46 50 26
-0.961025 0.210986 1.34706 46 51 29
-1.0293 0.233098 1.48824 42 47 25
-0.949566 0.222042 1.41765 50 54 37
-1.05588 0.25521 1.62941 60 64 47
-0.976155 0.244154 1.55882 60 65 44
-1.26215 0.327074 2.08824 93 97 82
-1.3914 0.374063 2.38824 105 110 89
-1.54716 0.432107 2.75882 128 132 115
-1.52506 0.443163 2.82941 136 137 121
-1.57289 0.476331 3.04118 151 152 134
-1.40168 0.443163 2.82941 111 112 98
-1.87487 0.62006 3.95882 204 205 191
-1.81247 0.628352 4.01176 201 202 188
-1.70224 0.62006 3.95882 199 197 184
-1.60152 0.614531 3.92353 197 194 187
-1.48188 0.600711 3.83529 190 190 182
-1.37253 0.589655 3.76471 183 183 175
-1.17552 0.537139 3.42941 175 175 167
-0.636279 0.31049 1.98235 75 77 63
-0.487469 0.25521 1.62941 65 68 48
-0.461733 0.260738 1.66471 67 70 50
-0.348768 0.21375 1.36471 46 47 41
-0.335514 0.224806 1.43529 48 56 41
-0.270557 0.19993 1.27647 42 46 35
-0.232659 0.191638 1.22353 36 40 23
-0.194099 0.180582 1.15294 46 50 36
-0.171548 0.183346 1.17059 33 38 16
-0.13722 0.17229 1.1 26 30 15
-0.10597 0.161234 1.02941 24 29 6
-0.0849579 0.163998 1.04706 32 37 15
-1.03612 0.230993 1.29412 51 55 32
-1.11785 0.256193 1.43529 64 70 36
-1.09992 0.259343 1.45294 55 61 25
-1.19799 0.290842 1.62941 70 74 48
-0.885486 0.221544 1.24118 35 40 18
-1.0293 0.265642 1.48824 56 59 38
-0.890465 0.237293 1.32941 45 50 28
-0.918658 0.253043 1.41765 50 55 35
-0.931952 0.265642 1.48824 54 58 40
-0.888838 0.262492 1.47059 54 57 39
-0.887619 0.271942 1.52353 54 58 35
-0.992953 0.316041 1.77059 73 77 53
-0.963861 0.319191 1.78824 72 76 54
-1.05265 0.36329 2.03529 87 90 63
-0.982048 0.35384 1.98235 84 86 66
-0.955542 0.36014 2.01765 84 88 70
-1.05506 0.416838 2.33529 106 110 96
-1.20143 0.498736 2.79412 130 132 125
-1.41424 0.618432 3.46471 171 168 163
-1.24324 0.574334 3.21765 156 157 149
-1.03797 0.508185 2.84706 134 135 125
-0.62506 0.325491 1.82353 71 79 64
-0.619287 0.34439 1.92941 84 87 66
-0.48219 0.287692 1.61176 68 71 55
-0.42747 0.275092 1.54118 57 62 39
-0.389358 0.271942 1.52353 56 61 41
-0.269512 0.205794 1.15294 31 35 18
-0.259336 0.218394 1.22353 46 49 39
-0.18568 0.174295 0.976471 24 27 18
-0.182216 0.193194 1.08235 32 35 24
-0.156031 0.190045 1.06471 30 34 19
-0.113005 0.161695 0.905882 26 27 19
-0.0932538 0.161695 0.905882 22 25 14
-0.0820942 0.180595 1.01176 33 35 30
-0.8807 0.220399 1.1 30 33 16
-0.911693 0.234542 1.17059 41 45 22
-0.89953 0.238078 1.18824 38 41 23
-1.09419 0.298187 1.48824 57 62 30
-0.961025 0.2699 1.34706 56 59 38
-0.858424 0.248685 1.24118 42 45 28
-1.02049 0.305258 1.52353 76 81 61
-0.86148 0.266364 1.32941 45 50 30
-0.998257 0.319402 1.59412 63 67 47
-0.931502 0.308794 1.54118 59 62 43
-0.856775 0.294651 1.47059 55 58 43
-0.804919 0.287579 1.43529 51 53 40
-0.849719 0.315866 1.57647 56 58 45
-0.906618 0.351224 1.75294 71 75 60
-0.798461 0.322937 1.61176 63 66 61
-0.821822 0.347688 1.73529 69 72 63
-0.999252 0.443155 2.21176 96 98 94
-1.20902 0.563372 2.81176 128 130 124
-1.34941 0.662375 3.30588 169 165 161
-1.20914 0.627017 3.12941 157 142 139
-1.04441 0.57398 2.86471 139 121 119
-0.612962 0.358295 1.78824 66 72 65
-0.511667 0.319402 1.59412 60 62 49
-0.47691 0.319402 1.59412 67 69 56
-0.373628 0.2699 1.34706 44 50 38
-0.339748 0.266364 1.32941 46 52 34
-0.319014 0.273436 1.36471 51 56 33
-0.259336 0.245149 1.22353 45 48 33
-0.219237 0.231006 1.15294 35 37 26
-0.170332 0.20272 1.01176 31 32 24
-0.174134 0.238078 1.18824 36 39 17
-0.119609 0.192112 0.958824 21 25 11
-0.0987037 0.192112 0.958824 25 29 15
-0.0849579 0.209791 1.04706 30 34 20
-1.03612 0.287592 1.29412 38 42 17
-1.17283 0.334653 1.50588 65 70 40
-0.952968 0.279749 1.25882 36 39 20
-0.97742 0.295435 1.32941 49 52 27
-0.809947 0.252297 1.13529 26 29 13
-0.760784 0.244453 1.1 29 31 20
-0.925926 0.307201 1.38235 45 48 32
-0.792866 0.271905 1.22353 42 44 30
-0.887749 0.315044 1.41765 54 56 41
-0.696849 0.256218 1.15294 40 41 35
-0.825931 0.315044 1.41765 46 49 33
-0.785126 0.311122 1.4 49 51 37
-0.792649 0.326809 1.47059 52 53 46
-0.815348 0.350339 1.57647 63 64 58
-0.807203 0.362105 1.62941 66 67 61
-0.980615 0.460147 2.07059 93 92 88
-1.34208 0.660155 2.97059 140 139 135
-1.36837 0.707215 3.18235 153 152 147
-0.974838 0.530738 2.38824 91 90 85
-0.86822 0.499364 2.24706 78 77 72
-1.05728 0.644468 2.9 147 146 142
-0.812578 0.526816 2.37059 108 99 88
-0.692921 0.479756 2.15882 97 94 87
-0.545543 0.405243 1.82353 83 80 73
-0.358944 0.287592 1.29412 49 48 44
-0.285629 0.248375 1.11765 31 30 29
-0.257136 0.244453 1.1 32 35 26
-0.233153 0.244453 1.1 32 34 22
-0.182324 0.21308 0.958824 27 28 23
-0.137652 0.181706 0.817647 18 19 11
-0.137928 0.209158 0.941176 26 27 23
-0.101998 0.181706 0.817647 14 17 6
-0.0732709 0.158176 0.711765 10 12 9
-0.0634798 0.173862 0.782353 16 18 15
-0.852442 0.259892 1.06471 29 32 11
-1.04913 0.328814 1.34706 48 51 33
-0.926249 0.298661 1.22353 35 38 21
-0.97742 0.324507 1.32941 63 66 49
-0.885486 0.302969 1.24118 34 36 22
-0.650938 0.229739 0.941176 21 23 11
-0.665879 0.242662 0.994118 27 28 22
-0.689946 0.259892 1.06471 30 31 25
-0.755139 0.294353 1.20588 39 40 36
-0.814176 0.328814 1.34706 51 53 40
-0.764243 0.320199 1.31176 54 54 52
-0.765333 0.333122 1.36471 44 44 41
-0.868743 0.393428 1.61176 50 51 46
-1.09829 0.518349 2.12353 76 75 73
-1.0957 0.539887 2.21176 100 99 97
-1.22298 0.630347 2.58235 119 118 114
-1.58126 0.854343 3.5 215 214 210
-1.32284 0.75096 3.07647 153 150 145
-1.13331 0.677731 2.77647 139 136 131
-1.07959 0.682038 2.79412 144 140 137
-0.992938 0.664808 2.72353 125 124 119
-0.824676 0.587271 2.40588 126 115 113
-0.443696 0.337429 1.38235 51 44 38
-0.413557 0.337429 1.38235 47 50 47
-0.358944 0.315891 1.29412 45 44 42
-0.330729 0.315891 1.29412 43 42 40
-0.261261 0.272815 1.11765 35 34 30
-0.21071 0.242662 0.994118 28 27 23
-0.18568 0.238354 0.976471 29 28 25
-0.143594 0.208201 0.852941 19 18 14
-0.132756 0.221124 0.905882 25 24 21
-0.097595 0.190971 0.782353 11 12 5
-0.082354 0.195278 0.8 16 17 12
-0.0720711 0.216816 0.888235 25 26 21
-1.09263 0.362965 1.36471 48 51 30
-0.774252 0.264401 0.994118 27 31 8
-0.859452 0.301949 1.13529 36 39 17
-0.756852 0.273788 1.02941 22 23 8
-0.835126 0.311336 1.17059 39 41 28
-0.736374 0.283175 1.06471 33 34 28
-0.72498 0.287869 1.08235 33 33 31
-0.701382 0.287869 1.08235 32 32 30
-0.644631 0.273788 1.02941 29 28 26
-0.792844 0.348884 1.31176 46 45 43
-0.805368 0.367658 1.38235 52 51 47
-0.97316 0.461529 1.73529 77 76 72
-1.19214 0.588253 2.21176 101 100 96
-1.30821 0.672736 2.52941 115 111 108
-1.27054 0.682124 2.56471 118 114 111
-1.34835 0.75722 2.84706 134 133 129
-1.24641 0.733752 2.75882 126 125 121
-1.08002 0.668043 2.51176 127 124 119
-1.1189 0.729059 2.74118 131 127 124
-1.06596 0.733752 2.75882 136 132 129
-0.928601 0.67743 2.54706 120 116 112
-0.879116 0.682124 2.56471 122 118 114
-0.653272 0.541318 2.03529 85 85 77
-0.445234 0.395819 1.48824 59 55 54
-0.339365 0.325417 1.22353 36 35 33
-0.26308 0.273788 1.02941 31 30 28
-0.273637 0.311336 1.17059 43 41 42
-0.218191 0.273788 1.02941 32 30 30
-0.219237 0.306643 1.15294 45 43 44
-0.137652 0.217466 0.817647 16 14 15
-0.104308 0.189305 0.711765 10 8 9
-0.0997964 0.212772 0.8 13 11 6
-0.0787208 0.203385 0.764706 15 15 11
-0.0620479 0.203385 0.764706 18 17 14
-0.8807 0.316617 1.1 40 43 24
-0.774252 0.28614 0.994118 24 25 9
-0.872811 0.331855 1.15294 39 39 31
-0.860649 0.336934 1.17059 36 36 31
-0.658869 0.265822 0.923529 22 22 21
-0.577707 0.240425 0.835294 18 18 20
-0.665879 0.28614 0.994118 30 30 28
-0.644204 0.28614 0.994118 29 29 27
-1.35188 0.621381 2.15882 100 99 97
-0.878172 0.418205 1.45294 54 53 51
-1.04184 0.514714 1.78824 73 72 68
-1.24037 0.636619 2.21176 96 95 91
-1.28726 0.687414 2.38824 108 105 101
-1.26257 0.702652 2.44118 111 108 103
-1.39293 0.809319 2.81176 144 140 136
-1.27313 0.773764 2.68824 128 124 121
-1.2783 0.814399 2.82941 135 131 127
-1.00414 0.672175 2.33529 116 113 108
-1.07568 0.758525 2.63529 121 120 115
-1.1546 0.860114 2.98824 170 169 165
-0.896432 0.707731 2.45882 101 102 96
-0.824676 0.692493 2.40588 109 106 101
-0.709914 0.636619 2.21176 104 100 97
-0.719765 0.692493 2.40588 104 100 97
-0.789677 0.819478 2.84706 139 138 136
-0.353278 0.397887 1.38235 53 52 50
-0.657278 0.809319 2.81176 199 195 192
-0.244374 0.331855 1.15294 33 31 35
-0.252793 0.382649 1.32941 50 49 44
-0.170332 0.29122 1.01176 17 16 14
-0.158617 0.311537 1.08235 38 37 35
-0.126213 0.29122 1.01176 30 29 27
-0.104154 0.29122 1.01176 40 32 33
-0.0677754 0.240425 0.835294 25 18 19
-0.795927 0.307879 0.994118 38 39 29
-0.609323 0.242295 0.782353 16 15 10
-0.578906 0.23683 0.764706 15 13 14
-0.614131 0.258691 0.835294 18 17 12
-0.822536 0.357067 1.15294 40 39 34
-0.626528 0.280553 0.905882 23 22 18
-0.71316 0.32974 1.06471 32 32 32
-1.30747 0.624867 2.01765 21 21 21
-1.74971 0.865341 2.79412 180 179 177
-0.995499 0.510096 1.64706 59 58 56
-1.15493 0.613937 1.98235 83 82 78
-1.27006 0.701382 2.26471 100 99 95
-1.24921 0.717777 2.31765 104 101 96
-1.36297 0.816153 2.63529 113 110 105
-1.28803 0.805222 2.6 124 120 117
-1.21462 0.794292 2.56471 122 118 115
-1.26235 0.865341 2.79412 134 131 126
-1.12555 0.810688 2.61765 133 130 125
-0.953229 0.723243 2.33529 114 113 108
-0.963679 0.772431 2.49412 85 84 79
-0.902866 0.766965 2.47647 109 106 101
-0.637158 0.575679 1.85882 100 90 88
-0.692921 0.66859 2.15882 87 83 81
-0.619456 0.641263 2.07059 86 82 80
-0.525364 0.58661 1.89412 76 75 73
-0.402888 0.488234 1.57647 61 60 56
-0.302513 0.400789 1.29412 33 29 27
-0.225672 0.32974 1.06471 24 23 23
-0.18568 0.302414 0.976471 27 25 26
-0.152506 0.280553 0.905882 24 19 24
-0.17672 0.373463 1.20588 36 44 31
-0.101998 0.253226 0.817647 15 15 13
-0.0769041 0.231365 0.747059 13 14 9
-0.0820942 0.313344 1.01176 2 14 5
-0.555736 0.230148 0.694118 10 11 6
-0.856717 0.364725 1.1 45 44 40
-0.712499 0.312065 0.941176 27 25 26
-0.679004 0.306213 0.923529 25 24 22
-0.721818 0.335469 1.01176 28 27 27
-0.760784 0.364725 1.1 34 33 31
-0.878644 0.43494 1.31176 47 48 43
-1.02158 0.522708 1.57647 61 62 57
-1.16402 0.616328 1.85882 79 78 76
-1.16616 0.639732 1.92941 86 85 83
-1.23718 0.704096 2.12353 94 93 89
-1.20078 0.709947 2.14118 91 90 86
-1.26824 0.780161 2.35294 106 101 97
-1.7463 1.11953 3.37647 178 176 174
-1.83879 1.2307 3.71176 174 174 172
-1.15612 0.809417 2.44118 120 119 115
-1.09492 0.803566 2.42353 100 97 92
-1.0345 0.797715 2.40588 96 93 88
-0.924416 0.750905 2.26471 130 126 123
-1.20233 1.03176 3.11176 160 158 156
-0.825661 0.750905 2.26471 102 98 95
-0.703696 0.680691 2.05294 84 80 77
-0.630615 0.651435 1.96471 89 85 84
-0.619456 0.686542 2.07059 92 88 87
-0.525364 0.62803 1.89412 80 79 75
-0.425437 0.551964 1.66471 69 68 65
-0.360266 0.511006 1.54118 60 59 57
-0.278038 0.43494 1.31176 46 45 42
-0.366886 0.639732 1.92941 57 56 52
-0.544666 1.07272 3.23529 196 190 182
-0.174134 0.393982 1.18824 17 5 9
-0.101998 0.271106 0.817647 27 17 18
-0.109604 0.353023 1.06471 28 45 35
-0.162279 0.663137 2 67 114 94
-0.668767 0.295223 0.835294 10 9 5
-0.650555 0.295223 0.835294 19 18 16
-0.725859 0.338883 0.958824 24 22 23
-0.795776 0.382543 1.08235 34 33 31
-0.885486 0.438677 1.24118 42 41 39
-0.94386 0.482337 1.36471 50 49 47
-1.02049 0.538471 1.52353 59 58 56
-1.10163 0.600842 1.7 60 59 57
-1.16402 0.656976 1.85882 81 80 76
-1.17682 0.688161 1.94706 83 82 78
-1.1755 0.71311 2.01765 86 85 81
-1.24037 0.781718 2.21176 97 96 92
-1.2397 0.812903 2.3 98 99 94
-1.58202 1.0811 3.05882 149 154 152
-1.74263 1.24326 3.51765 173 180 180
-1.03912 0.775481 2.19412 101 100 97
-1.12682 0.881512 2.49412 139 136 131
-0.897913 0.738058 2.08824 97 94 89
-0.643489 0.557182 1.57647 61 61 61
-0.513659 0.469862 1.32941 49 49 49
-0.767758 0.744295 2.10588 102 98 95
-0.746039 0.769244 2.17647 87 83 81
-0.641944 0.706873 2 88 84 81
-0.582499 0.688161 1.94706 85 81 78
-0.520469 0.663213 1.87647 78 75 68
-0.452497 0.62579 1.77059 77 71 72
-0.368516 0.557182 1.57647 65 60 57
-0.293 0.488574 1.38235 51 50 48
-0.252793 0.469862 1.32941 49 48 46
-0.155477 0.326409 0.923529 16 15 13
-0.140514 0.338883 0.958824 15 15 14
-0.097595 0.276512 0.782353 21 17 16
-0.0968871 0.332646 0.941176 31 19 19
-0.0620479 0.270275 0.764706 12 20 18
-0.711153 0.333358 0.888235 23 21 22
-0.787996 0.379719 1.01176 29 27 28
-0.872811 0.432703 1.15294 32 30 31
-0.899572 0.459195 1.22353 42 41 39
-0.935845 0.49231 1.31176 47 46 44
-1.00489 0.545295 1.45294 52 51 49
-1.06777 0.598279 1.59412 62 61 59
-1.09019 0.631394 1.68235 67 66 64
-1.16402 0.697624 1.85882 78 77 73
-1.14482 0.71087 1.89412 80 79 75
-1.20634 0.7771 2.07059 90 89 85
-1.64612 1.10163 2.93529 185 184 180
-0.982884 0.684378 1.82353 86 86 86
-1.02527 0.743985 1.98235 94 93 98
-0.754749 0.571787 1.52353 67 66 70
-0.972257 0.770477 2.05294 94 90 89
-0.975334 0.810215 2.15882 108 101 93
-0.829621 0.724116 1.92941 83 82 78
-0.837977 0.770477 2.05294 89 88 86
-0.711395 0.691001 1.84118 77 76 74
-0.75489 0.7771 2.07059 92 88 87
-0.727892 0.796969 2.12353 96 92 91
-0.630615 0.737362 1.96471 80 76 73
-0.461072 0.57841 1.54118 69 65 62
-1.02952 1.39304 3.71176 197 190 176
-0.862901 1.2672 3.37647 174 169 157
-0.380891 0.611525 1.62941 60 55 50
-0.307961 0.545295 1.45294 55 54 52
-0.256149 0.505557 1.34706 48 47 45
-0.226779 0.505557 1.34706 49 48 46
-0.179306 0.459195 1.22353 43 42 40
-0.126213 0.379719 1.01176 28 26 25
-0.135036 0.49231 1.31176 36 57 48
-0.0706392 0.326735 0.870588 31 30 33
-0.838313 0.415862 1.04706 37 35 36
-0.856717 0.436889 1.1 35 33 34
-0.939608 0.49296 1.24118 43 42 41
-0.97742 0.528005 1.32941 48 47 45
-1.02397 0.570058 1.43529 54 53 51
-1.17576 0.675192 1.7 61 60 58
-1.09141 0.647156 1.62941 65 64 62
-1.11306 0.682201 1.71765 70 69 67
-1.09771 0.696219 1.75294 72 71 69
-1.16616 0.766308 1.92941 82 81 79
-1.16521 0.794343 2 83 82 78
-1.19088 0.843406 2.12353 93 92 88
-0.773625 0.570058 1.43529 50 51 47
-0.641934 0.49296 1.24118 43 43 43
-0.676069 0.542022 1.36471 50 50 48
-1.05583 0.885459 2.22941 101 98 93
-0.815878 0.717245 1.80588 51 44 37
-0.791681 0.731263 1.84118 82 81 77
-0.816367 0.794343 2 87 86 84
-0.711395 0.731263 1.84118 77 76 74
-0.658384 0.717245 1.80588 75 74 72
-0.685549 0.794343 2 86 85 83
-0.840191 1.03966 2.61765 140 139 137
-0.450513 0.598094 1.50588 54 50 49
-0.481311 0.68921 1.73529 33 23 15
-0.312689 0.485951 1.22353 44 42 44
-0.393267 0.668183 1.68235 40 36 26
-0.379029 0.710236 1.78824 60 59 57
-0.26286 0.549031 1.38235 51 50 48
-0.223808 0.528005 1.32941 48 47 45
-0.181892 0.49296 1.24118 44 42 41
-0.135019 0.42988 1.08235 33 33 31
-0.10052 0.387826 0.976471 33 42 37
-0.0906854 0.443898 1.11765 49 48 46
-0.866571 0.453548 1.08235 22 21 19
-0.939181 0.505312 1.20588 41 40 38
-1.00641 0.557076 1.32941 48 47 45
-1.02932 0.586655 1.4 52 51 49
-1.06174 0.623629 1.48824 57 56 54
-1.10253 0.667998 1.59412 63 62 60
-1.07959 0.675393 1.61176 64 63 61
-1.07876 0.697577 1.66471 67 66 64
-1.11982 0.749341 1.78824 74 73 71
-1.14482 0.79371 1.89412 81 80 78
-1.1755 0.845473 2.01765 83 82 80
-1.17109 0.875053 2.08824 91 90 88
-0.973373 0.756736 1.80588 75 74 72
-0.915745 0.741946 1.77059 73 72 70
-0.947079 0.801105 1.91176 82 81 79
-1.08926 0.96379 2.3 105 105 97
-0.799933 0.741946 1.77059 58 53 47
-0.776505 0.756736 1.80588 78 77 73
-0.794757 0.815894 1.94706 83 82 80
-0.711395 0.771525 1.84118 77 76 74
-0.619782 0.712367 1.7 70 69 67
-0.637158 0.77892 1.85882 76 75 73
-0.568309 0.741946 1.77059 72 71 69
-0.297409 0.416574 0.994118 29 27 25
-0.569416 0.860263 2.05294 121 110 95
-0.511126 0.838079 2 95 87 77
-0.426268 0.764131 1.82353 95 88 80
-0.319183 0.631024 1.50588 58 57 55
-0.269572 0.59405 1.41765 53 52 50
-0.226779 0.564471 1.34706 49 48 46
-0.184479 0.527497 1.25882 46 41 41
-0.146026 0.490522 1.17059 41 37 36
-0.113237 0.460943 1.1 33 32 30
-0.0606161 0.313047 0.747059 20 20 19
-1.23392 0.679515 1.54118 68 67 65
-1.0079 0.570586 1.29412 46 45 43
-1.01976 0.593928 1.34706 47 46 44
-1.06824 0.640612 1.45294 55 54 52
-1.07433 0.663954 1.50588 58 57 55
-1.07812 0.687296 1.55882 61 60 58
-1.06777 0.702858 1.59412 62 61 59
-1.09019 0.741761 1.68235 68 67 65
-1.10876 0.780665 1.77059 73 72 70
-1.11283 0.811788 1.84118 74 73 71
-1.16521 0.881814 2 87 86 84
-1.10181 0.866253 1.96471 85 84 82
-0.935325 0.765103 1.73529 70 69 67
-0.933999 0.796226 1.80588 75 74 72
-0.964564 0.858472 1.94706 83 82 80
-1.03912 0.967402 2.19412 100 100 92
-0.807906 0.788445 1.78824 66 61 55
-0.746153 0.765103 1.73529 66 65 61
-0.787554 0.850691 1.92941 82 81 79
-0.690939 0.788445 1.78824 72 71 69
-0.606915 0.73398 1.66471 67 65 66
-0.606913 0.780665 1.77059 74 72 71
-0.568309 0.780665 1.77059 72 71 67
-0.798957 1.17748 2.67059 158 157 155
-0.163156 0.259357 0.588235 3 2 1
-0.141311 0.243796 0.552941 4 3 2
-0.170507 0.321603 0.729412 9 8 6
-0.30048 0.62505 1.41765 53 52 50
-0.266216 0.61727 1.4 52 51 49
-0.348586 0.912937 2.07059 75 74 69
-0.189651 0.570586 1.29412 46 45 43
-0.150428 0.531682 1.20588 41 40 38
-0.12777 0.547243 1.24118 43 42 40
-0.0735029 0.39941 0.905882 33 32 30
-0.979602 0.566218 1.22353 41 40 38
-1.03539 0.615218 1.32941 48 47 45
-1.04648 0.639718 1.38235 51 50 48
-1.06824 0.672384 1.45294 55 54 52
-1.08692 0.705051 1.52353 59 58 56
-1.07812 0.721384 1.55882 61 60 58
-1.06777 0.737717 1.59412 63 62 60
-1.10163 0.786717 1.7 69 68 66
-1.11982 0.82755 1.78824 66 65 63
-1.08083 0.82755 1.78824 73 72 70
-1.08296 0.860216 1.85882 78 77 75
-0.97316 0.80305 1.73529 71 70 68
-0.916302 0.786717 1.7 69 67 68
-0.933999 0.835717 1.80588 75 73 74
-0.964564 0.901049 1.94706 82 81 79
-0.93047 0.909216 1.96471 78 74 70
-0.760069 0.77855 1.68235 73 73 68
-0.730977 0.786717 1.7 68 69 73
-0.758741 0.860216 1.85882 77 76 74
-0.690939 0.82755 1.78824 75 74 72
-0.594047 0.75405 1.62941 65 63 64
-0.570619 0.770384 1.66471 67 65 66
-0.568309 0.819383 1.77059 73 71 72
-0.487469 0.75405 1.62941 65 64 62
-0.349155 0.582552 1.25882 45 44 42
-0.290139 0.525385 1.13529 37 36 34
-0.269512 0.533552 1.15294 38 37 35
-0.30048 0.656051 1.41765 53 52 50
-0.266216 0.647885 1.4 52 51 49
-0.223808 0.615218 1.32941 48 46 47
-0.189651 0.598885 1.29412 46 45 43
-0.150428 0.558052 1.20588 41 40 38
-0.124137 0.558052 1.20588 41 40 38
-0.0763667 0.435553 0.941176 34 33 32
-1.23392 0.746919 1.54118 80 79 77
-1.04913 0.652842 1.34706 49 48 46
-1.0732 0.687052 1.41765 53 52 50
-1.08122 0.712709 1.47059 55 54 53
-1.07433 0.729814 1.50588 58 57 56
-1.06591 0.746919 1.54118 60 59 57
-1.09141 0.789682 1.62941 65 64 62
-1.09019 0.815339 1.68235 67 66 62
-1.10876 0.858102 1.77059 51 50 46
-1.08083 0.866655 1.78824 74 73 71
-1.02128 0.84955 1.75294 72 71 69
-0.913781 0.789682 1.62941 65 63 64
-0.90679 0.815339 1.68235 68 66 67
-0.943126 0.88376 1.82353 76 75 75
-0.947079 0.926522 1.91176 80 79 77
-1.0224 1.04626 2.15882 100 93 87
-0.61656 0.661394 1.36471 33 30 24
-0.715801 0.806787 1.66471 63 63 66
-0.744335 0.88376 1.82353 80 73 77
-0.656847 0.823892 1.7 69 68 73
-0.594047 0.789682 1.62941 63 64 62
-0.540374 0.764024 1.57647 60 62 61
-0.545652 0.823892 1.7 68 68 68
-0.487469 0.789682 1.62941 65 64 62
-0.388312 0.678499 1.4 52 51 49
-0.339748 0.644289 1.32941 48 47 45
-0.306638 0.635737 1.31176 47 46 44
-0.285519 0.652842 1.34706 50 48 49
-0.259505 0.661394 1.36471 50 48 49
-0.220837 0.635737 1.31176 47 45 46
-0.187065 0.618632 1.27647 46 45 43
-0.15263 0.592974 1.22353 44 43 41
-0.12232 0.575869 1.18824 40 39 37
-0.0706392 0.421924 0.870588 25 24 23
-1.03612 0.655484 1.29412 44 43 41
-1.06288 0.691237 1.36471 50 49 47
-1.05984 0.709114 1.4 52 50 51
-1.10717 0.762744 1.50588 59 57 58
-1.06174 0.753806 1.48824 57 56 54
-1.05371 0.771683 1.52353 59 58 56
-1.06777 0.807437 1.59412 63 62 60
-1.04445 0.816375 1.61176 64 62 63
-1.03141 0.834252 1.64706 66 64 65
-1.03816 0.870005 1.71765 70 69 67
-0.959588 0.834252 1.64706 65 64 62
-0.903884 0.816375 1.61176 64 62 63
-0.963861 0.905759 1.78824 75 73 74
-0.952253 0.932574 1.84118 77 75 76
-0.920852 0.941513 1.85882 75 74 72
-1.13941 1.2186 2.40588 134 125 115
-0.608587 0.682299 1.34706 45 38 29
-0.708213 0.834252 1.64706 59 67 67
-0.996448 1.23648 2.44118 171 109 117
-0.854583 1.12028 2.21176 172 45 57
-0.58118 0.807437 1.59412 101 40 48
-0.522227 0.771683 1.52353 70 70 70
-0.670265 1.05771 2.08824 78 78 78
-1.09461 1.85323 3.65882 218 217 215
-0.809256 1.47782 2.91765 86 85 83
-0.497596 0.986205 1.94706 87 86 84
-0.653153 1.41525 2.79412 113 112 110
-0.408953 0.977266 1.92941 50 48 49
-0.454133 1.20967 2.38824 89 87 88
-0.520899 1.5672 3.09412 155 153 154
-0.562056 1.94261 3.83529 190 189 186
-0.172442 0.700176 1.38235 32 31 29
-0.125953 0.61973 1.22353 43 42 39
-0.0649117 0.405208 0.8 16 15 15
-1.05025 0.693107 1.31176 47 46 44
-1.07662 0.730404 1.38235 51 50 48
-1.08656 0.758377 1.43529 55 53 54
-1.02932 0.739729 1.4 52 50 51
-1.03656 0.767702 1.45294 55 54 52
-1.07812 0.823648 1.55882 62 60 62
-1.05595 0.832972 1.57647 63 59 62
-1.02158 0.832972 1.57647 61 61 61
-1.02036 0.860945 1.62941 64 64 64
-0.974166 0.85162 1.61176 63 63 63
-0.8979 0.814323 1.54118 59 59 59
-0.884091 0.832972 1.57647 62 60 61
-0.916302 0.898242 1.7 69 67 68
-0.888364 0.907566 1.71765 70 68 69
-0.885883 0.944864 1.78824 76 75 73
-0.880324 0.982161 1.85882 84 74 64
-0.552778 0.646486 1.22353 24 14 3
-0.655097 0.804999 1.52353 58 55 64
-1.1045 1.42973 2.70588 231 110 125
-0.670484 0.916891 1.73529 186 2 18
-0.568312 0.823648 1.55882 151 17 31
-1.36303 2.10108 3.97647 224 224 224
-0.800541 1.31784 2.49412 101 101 101
-1.28467 2.26892 4.29412 252 252 252
-1.00994 1.92392 3.64118 199 199 199
-0.380338 0.78635 1.48824 45 45 45
-0.900664 2.03581 3.85294 240 240 240
-0.274298 0.683783 1.29412 49 49 49
-0.54138 1.50432 2.84706 117 117 117
-0.636764 1.99851 3.78235 224 224 224
-0.316372 1.14067 2.15882 49 47 48
-0.15263 0.646486 1.22353 43 41 42
-0.220418 1.13135 2.14118 105 104 100
-0.0606161 0.394729 0.747059 8 8 8
